    1   1     0.07888         190.91883   1       2
    2   9     0.02986         127.27922   6       7
    3   1     0.08592         225.00000   1       7
    4   1     0.34862        1146.83766   2       9
    5   7     0.04502        1350.00000   5       6	SAVE"enti_5"	
    6   8     0.04729        2045.51299   6       2	SAVE"enti_6"	
    7  10     0.02862         254.55844   6      17	SAVE"enti_7"	
    8   1     0.05154         135.00000   1      17
    9   4     0.09505         487.27922   4      10
   10   5     0.08746        1154.55844   4      11
   11   6     0.05756         397.27922   5       5	SAVE"enti_11"	
   12   1     0.07834         262.27922   1      10
   13   1     0.20729         315.00000   2      15
   14   1     0.23049         588.19805   1      15
   15   2     0.01359         180.00000   3      16
   16   3     0.12455         381.83766   3       9
   17  11     0.01494         434.55844   6      23	SAVE"enti_17"	
   18   1     0.16361         479.55844   1      23
   19   1     0.18586         225.00000   1      16
   20   1     0.25625         622.27922   1      11
   21   1     0.33586         712.27922   1       5
   22   1     0.20095        2214.59415   3       6
   23  12     0.02904        1461.83766   6      25	SAVE"enti_23"	
   24   1     0.35204        1289.55844   2      25
   25  13     0.01937         180.00000   6      33	SAVE"enti_25"	
   26   1     0.27500        2795.07143   2      33
   27   1     0.00002         532.27922   1      40
   28   1     0.00001         315.00000   1      40
   29   1     0.37453         839.55844   2      31
   30   1     0.36143         190.91883   1      31
   31   2     0.30784          90.00000   3      41
   32   1     0.34947         622.27922   1      41
   33  14     0.01800         959.11688   6      37	SAVE"enti_33"	
   34   1     0.30244        2515.47727   2      37
   35   1     0.24854        1075.47727   2      38
   36   1     0.21287         858.19805   1      38
   37  15     0.01124         540.00000   6      39	SAVE"enti_37"	
   38   2     0.20933        1716.39610   4      49
   39  16     0.01976         180.00000   6      49	SAVE"enti_39"	
   40   2     0.42275        1452.79221   3      43
   41   3     0.15853         959.11688   3      43
   42   1     0.20833         405.00000   1      51
   43   4     0.07043         217.27922   4      51
   44   1     0.26338        2866.43182   2      39
   45   1     0.22089         985.47727   1      48
   46   1     0.20639         696.83766   2      48
   47   1     0.21567        1060.03571   2      66
   48   2     0.05724         217.27922   3      66
   49  17     0.01751         831.83766   7      50	SAVE"enti_49"	
   50  18     0.03152         217.27922   7      73	SAVE"enti_50"	
   51   5     0.07664        1378.23376   5      57
   52   1     0.25707         442.27922   1      73
   53   1     0.29125        1960.03571   2      50
   54   1     0.15193         802.27922   2      55
   55   2     0.05503         397.27922   3      57
   56   1     0.21406         982.27922   2      55
   57   6     0.05360         794.55844   5      58	SAVE"enti_57"	
   58   7     0.02721         217.27922   5      59	SAVE"enti_58"	
   59   8     0.10357         667.27922   5      62	SAVE"enti_59"	
   60   1     0.10438         190.91883   1      62
   61   1     0.14314         625.47727   1      58
   62   9     0.07162         307.27922   5      65	SAVE"enti_62"	
   63   1     0.17630         535.47727   1      59
   64   1     0.13037         442.27922   1      65
   65  10     0.07680         434.55844   6      72	SAVE"enti_65"	
   66   3     0.07888        1760.07143   4      67
   67   4     0.05903         254.55844   5      78
   68   1     0.17596        1510.03571   2      67
   69   1     0.23716         479.55844   1      78
   70   1     0.22836        1056.83766   2      83
   71   1     0.22180         662.75649   1      83
   72  11     0.05235        1378.23376   6      76	SAVE"enti_72"	
   73  19     0.05302        1551.83766   7      76	SAVE"enti_73"	
   74   1     0.09457         498.19805   1      76
   75   2     0.12947        1123.67532   4      72
   76  20     0.02804         217.27922   7      80	SAVE"enti_76"	
   77   1     0.08185         190.91883   1      80
   78   5     0.07696         943.67532   5      90	SAVE"enti_78"	
   79   1     0.27985         135.00000   1      90
   80  21     0.02534         270.00000   7      93	SAVE"enti_80"	
   81   1     0.21064         827.31493   1      84
   82   1     0.22439         640.91883   1      84
   83   2     0.12426         667.27922   3      87
   84   2     0.29434         397.27922   3      87
   85   1     0.24402         929.55844   1      93
   86   1     0.25427         569.55844   1      92
   87   3     0.10399          90.00000   4      92
   88   1     0.20312        1438.67532   2      75
   89   1     0.34543        1165.47727   2      75
   90   6     0.09779        1505.51299   5     105	SAVE"enti_90"	
   91   1     0.22368        1022.75649   1     108
   92   4     0.07208        1049.11688   4     108
   93  22     0.01853        1281.83766   7      98	SAVE"enti_93"	
   94   1     0.24477        1056.83766   2     117
   95   1     0.23057         752.75649   2     117
   96   2     0.23513        1288.23376   4     105
   97   1     0.11622        2292.35065   3      96
   98  23     0.01707         614.55844   7     104	SAVE"enti_98"	
   99   1     0.30513        1873.23376   2      98
  100   1     0.12501         982.27922   1      96
  101   1     0.22755         408.19805   1     104
  102   1     0.19267         768.19805   1     130
  103   1     0.17045         749.55844   1     130
  104  24     0.01631         816.39610   7     109	SAVE"enti_104"	
  105   7     0.14923        2030.07143   6     109	SAVE"enti_105"	
  106   1     0.41867        1090.91883   1     107
  107   2     0.21790         360.00000   3     115
  108   5     0.07646        1610.95454   5     115	SAVE"enti_108"	
  109  25     0.02128         434.55844   8     120	SAVE"enti_109"	
  110   1     0.10837         225.00000   1     120
  111   1     0.36874        1348.67532   2     120
  112   1     0.27974         951.39610   1     118
  113   1     0.25481         569.55844   1     118
  114   1     0.32843         842.75649   1     107
  115   6     0.08315         741.83766   5     116	SAVE"enti_115"	
  116   7     0.05637         434.55844   6     128	SAVE"enti_116"	
  117   2     0.19600        2098.23376   4     128
  118   2     0.12584         651.83766   3     138
  119   4     0.06455         397.27922   5     122	SAVE"enti_119"	
  120  26     0.01513         741.83766   8     122	SAVE"enti_120"	
  121   1     0.21915         370.91883   1     138
  122  27     0.00901         217.27922   8     126	SAVE"enti_122"	
  123   1     0.14932         315.00000   1     126
  124   1     0.04826         280.91883   1     125
  125   2     0.23824        2458.23376   4     119
  126  28     0.00002         217.27922   8     135	SAVE"enti_126"	
  127   1     0.42255        1109.55844   1     135
  128   8     0.06325         921.83766   6     142	SAVE"enti_128"	
  129   1     0.26470         460.91883   1     142
  130   2     0.09973        2644.62987   4     136
  131   1     0.16801         460.91883   1     136
  132   1     0.15934        1224.59415   2     133
  133   2     0.13037        1490.07143   4     116
  134   1     0.00869         532.27922   1     125
  135  29     0.01441         397.27922   8     155	SAVE"enti_135"	
  136   3     0.09768         471.83766   4     147
  137   1     0.25579        1364.11688   2     147
  138   3     0.19604        1340.95454   4     156
  139   1     0.40329         730.91883   1     156
  140   1     0.16340         734.11688   2     133
  141   1     0.28652         408.19805   1     148
  142   9     0.04472         906.39610   6     151	SAVE"enti_142"	
  143   1     0.34187         498.19805   1     151
  144   1     0.10260         190.91883   1     148
  145   3     0.19330        1663.67532   4     119
  146   1     0.25000         696.83766   1     145
  147   4     0.10804         943.67532   5     164	SAVE"enti_147"	
  148   2     0.27424         959.11688   3     164
  149   1     0.02733        1420.03571   2     155
  150   1     0.25366        1795.47727   2     172
  151  10     0.04863         884.55844   6     172	SAVE"enti_151"	
  152   2     0.06302         884.55844   4     145
  153   1     0.14444         970.03571   2     152
  154   1     0.01436         532.27922   1     152
  155  30     0.02961        2082.79221   8     159	SAVE"enti_155"	
  156   4     0.23571        2030.07143   4     159
  157   1     0.07958        1236.83766   1     219
  158   1     0.11620         318.19805   1     219
  159  31     0.08042          90.00000   8     161
  160   1     0.32518         678.19805   1     165
  161  32     0.01929         127.27922   8     169
  162   2     0.11567         757.27922   3     165
  163   1     0.29206         662.75649   1     162
  164   5     0.08682        1334.55844   5     186	SAVE"enti_164"	
  165   3     0.16694        1244.55844   4     186
  166   1     0.16743         442.27922   2     162
  167   1     0.48219        1097.31493   1     175
  168   1     0.70356         135.00000   1     175
  169  33     0.04004         689.11688   8     170	SAVE"enti_169"	
  170  34     0.02620         381.83766   8     174	SAVE"enti_170"	
  171   1     0.39459        1963.23376   1     174
  172  11     0.04012        1446.39610   6     193	SAVE"enti_172"	
  173   1     0.23192        2022.35065   2     193
  174  35     0.01750         254.55844   8     178	SAVE"enti_174"	
  175   2     0.22821         689.11688   3     178
  176   1     0.32709        2525.07143   2     161
  177   1     0.04357         135.00000   1     181
  178  36     0.04672         307.27922   8     181	SAVE"enti_178"	
  179   1     0.11946         225.00000   1     180
  180   2     0.25528        1685.51299   3     169
  181  37     0.05296         487.27922   8     185	SAVE"enti_181"	
  182   1     0.33493         895.47727   1     185
  183   1     0.21728         895.47727   2     191
  184   1     0.05933         135.00000   1     187
  185  38     0.01528         217.27922   8     187	SAVE"enti_185"	
  186   6     0.07100        1595.51299   6     200	SAVE"enti_186"	
  187  39     0.00918         217.27922   8     189	SAVE"enti_187"	
  188   1     0.34918        1094.11688   1     189
  189  40     0.01961         127.27922   8     196
  190   1     0.25735         662.75649   1     196
  191   2     0.17101        1806.39610   4     200
  192   1     0.24980         535.47727   1     191
  193  12     0.03576        1505.51299   6     199	SAVE"enti_193"	
  194   1     0.25393        1839.15260   2     199
  195   1     0.33644        1565.95454   2     180
  196  41     0.01781         726.39610   8     197	SAVE"enti_196"	
  197  42     0.01286         217.27922   8     203	SAVE"enti_197"	
  198   1     0.07530         659.55844   1     203
  199  13     0.03743         599.11688   7     222	SAVE"enti_199"	
  200   7     0.12652         980.95454   6     222	SAVE"enti_200"	
  201   2     0.18026        2352.79221   4     170
  202   1     0.02147         225.00000   1     204
  203  43     0.01044         344.55844   8     204	SAVE"enti_203"	
  204  44     0.00342         180.00000   8     206	SAVE"enti_204"	
  205   1     0.34295        2475.54870   2     206
  206  45     0.00002          90.00000   8     210
  207   1     0.34606         225.00000   1     201
  208   1     0.23330         662.75649   1     197
  209   1     0.27397        1401.39610   2     201
  210  46     0.00459        1160.95454   8     213	SAVE"enti_210"	
  211   1     0.34514        1060.03571   2     213
  212   1     0.06987         495.00000   1     213
  213  47     0.00002         254.55844   8     214	SAVE"enti_213"	
  214  48     0.03766         974.55844   8     216	SAVE"enti_214"	
  215   1     0.17742         352.27922   1     216
  216  49     0.06606          90.00000   8     218
  217   1     0.17140         352.27922   1     218
  218  50     0.05173         127.27922   8     220
  219   2     0.21188        4361.02597   4     220
  220  51     0.02315         344.55844   8     226	SAVE"enti_220"	
  221   1     0.29240        1621.87338   1     226
  222  14     0.04320        1589.11688   7     230	SAVE"enti_222"	
  223   1     0.22497        3192.35065   3     230
  224   1     0.30125        1199.55844   2     225
  225   2     0.17342        2921.02597   4     196
  226  52     0.01714         779.11688   8     228	SAVE"enti_226"	
  227   1     0.31666        1752.35065   2     228
  228  53     0.01012         180.00000   8     232	SAVE"enti_228"	
  229   1     0.16602         190.91883   1     232
  230  15     0.08590         397.27922   7     261	SAVE"enti_230"	
  231   1     0.28299         479.55844   1     261
  232  54     0.01374         524.55844   8     241	SAVE"enti_232"	
  233   1     0.14307        1131.39610   2     242
  234   1     0.15140        1094.11688   2     242
  235   1     0.25820         820.91883   2     225
  236   3     0.18582        2532.79221   4     210
  237   1     0.34419         532.27922   1     236
  238   1     0.31817        1472.75649   2     241
  239   2     0.13527         959.11688   4     236
  240   1     0.28004        2900.51299   3     214
  241  55     0.00801        1123.67532   8     248	SAVE"enti_241"	
  242   2     0.08027        1086.39610   4     253
  243   1     0.13333        1494.59415   2     253
  244   1     0.27461         644.11688   1     239
  245   1     0.15466        2900.51299   3     264
  246   1     0.19412        2109.15260   3     264
  247   1     0.09169         318.19805   1     259
  248  56     0.01153         689.11688   8     249	SAVE"enti_248"	
  249  57     0.00066         434.55844   8     250	SAVE"enti_249"	
  250  58     0.04276         381.83766   8     259	SAVE"enti_250"	
  251   1     0.17374         929.55844   2     239
  252   7     0.18361        1775.51299   6     248	SAVE"enti_252"	
  253   3     0.06644         996.39610   4     257
  254   1     0.13894        1671.39610   2     257
  255   1     0.30532        1348.67532   2     256
  256   6     0.15238         614.55844   5     252	SAVE"enti_256"	
  257   4     0.01000         254.55844   5     291	SAVE"enti_257"	
  258   1     0.36504         790.03571   1     249
  259  59     0.02031         869.11688   8     260	SAVE"enti_259"	
  260  60     0.03424          90.00000   8     268
  261  16     0.09994        2914.62987   7     268	SAVE"enti_261"	
  262   1     0.27484         951.39610   1     268
  263   1     0.11374         190.91883   1     274
  264   2     0.23729        1235.51299   5     274
  265   1     0.09134         895.47727   1     279
  266   1     0.03078         135.00000   1     279
  267   1     0.24775        1004.11688   1     291
  268  61     0.02369        1213.67532   9     273	SAVE"enti_268"	
  269   1     0.35231         914.11688   2     270
  270   5     0.07051        1850.07143   5     256	SAVE"enti_270"	
  271   1     0.02887         262.27922   1     283
  272   1     0.02470         135.00000   1     283
  273  62     0.01377         307.27922   9     281	SAVE"enti_273"	
  274   3     0.20357        1086.39610   5     281	SAVE"enti_274"	
  275   1     0.07695         842.75649   1     278
  276   1     0.12485        1348.67532   2     278
  277   1     0.40207        1947.79221   2     250
  278   2     0.02697          90.00000   3     289
  279   2     0.04143         959.11688   3     289
  280   1     0.25931         625.47727   1     273
  281  63     0.02238         381.83766   9     286	SAVE"enti_281"	
  282   1     0.28787         914.11688   1     286
  283   2     0.01938         561.83766   2     290
  284   8     0.01951        1101.83766   5     290	SAVE"enti_284"	
  285   1     0.03079         532.27922   2     284
  286  64     0.00721         254.55844   9     299	SAVE"enti_286"	
  287   1     0.06950         190.91883   1     311
  288   1     0.19163        1060.03571   2     311
  289   3     0.03441         360.00000   4     302
  290   9     0.05406         254.55844   6     302	SAVE"enti_290"	
  291   5     0.13228        2060.95454   5     334	SAVE"enti_291"	
  292   1     0.45777         225.00000   1     334
  293   7     0.02852         816.39610   5     284	SAVE"enti_293"	
  294   6     0.04181          90.00000   5     293
  295   1     0.17650        1041.39610   1     294
  296   4     0.12013        1288.23376   4     270
  297   1     0.35188        2146.43182   2     260
  298   1     0.23514        1022.75649   1     296
  299  65     0.01944         741.83766   9     310	SAVE"enti_299"	
  300   1     0.05519         370.91883   1     329
  301   1     0.02933        1351.87338   2     329
  302  10     0.09887         524.55844   6     312	SAVE"enti_302"	
  303   3     0.21723         307.27922   4     296
  304   2     0.16379         307.27922   3     312
  305   1     0.11465         498.19805   2     306
  306   2     0.12639         217.27922   3     303
  307   5     0.04504        1033.67532   5     294	SAVE"enti_307"	
  308   1     0.23205         966.83766   1     307
  309   1     0.20070         442.27922   1     303
  310  66     0.01457         434.55844   9     317	SAVE"enti_310"	
  311   2     0.23177        1266.39610   3     317
  312  11     0.09253         599.11688   6     330	SAVE"enti_312"	
  313   1     0.43560        1426.43182   1     299
  314   1     0.20394         572.75649   1     304
  315   1     0.30303        1019.55844   1     316
  316   2     0.34799        1288.23376   3     310
  317  67     0.01335         614.55844   9     319	SAVE"enti_317"	
  318   1     0.16311        3611.46753   3     252
  319  68     0.01485         127.27922   9     321
  320   1     0.02017         280.91883   1     321
  321  69     0.00785         127.27922   9     333
  322   4     0.10895         741.83766   4     307
  323   3     0.06989         180.00000   4     322
  324   1     0.28666         675.00000   1     323
  325   1     0.33633         696.83766   1     316
  326   1     0.25311        1311.39610   1     330
  327   1     0.13409        1038.19805   2     306
  328   1     0.27909         532.27922   1     335
  329   2     0.19268        1281.83766   4     335
  330  12     0.11630        1632.79221   6     336	SAVE"enti_330"	
  331   1     0.24521        1109.55844   2     336
  332   1     0.36478        1801.87338   1     319
  333  70     0.01363         816.39610   9     339	SAVE"enti_333"	
  334   6     0.18802        2210.07143   5     339	SAVE"enti_334"	
  335   3     0.39497         307.27922   4     360
  336  13     0.08208         344.55844   6     360	SAVE"enti_336"	
  337   1     0.12285        2863.23376   2     304
  338   1     0.35606        1171.87338   1     333
  339  71     0.00855         217.27922   9     341	SAVE"enti_339"	
  340   1     0.28824         625.47727   1     341
  341  72     0.01526         254.55844   9     345	SAVE"enti_341"	
  342   1     0.16677         315.00000   1     345
  343   1     0.14054        2708.26948   2     293
  344   1     0.18567        1311.39610   2     322
  345  73     0.01318         344.55844   9     347	SAVE"enti_345"	
  346   1     0.35152         535.47727   1     347
  347  74     0.00793         434.55844   9     371	SAVE"enti_347"	
  348   1     0.10317         876.83766   1     359
  349   1     0.16458         318.19805   1     359
  350   1     0.31472         190.91883   1     354
  351   1     0.26234         280.91883   1     354
  352   2     0.10992        2150.95454   3     323
  353   1     0.07935         135.00000   1     352
  354   2     0.18995         381.83766   2     361
  355   1     0.24410         495.00000   1     361
  356   1     0.35070        1134.59415   1     371
  357   1     0.16513         625.47727   1     352
  358   1     0.01792         135.00000   1     364
  359   2     0.06706         959.11688   3     364
  360  14     0.12154        2225.51299   6     372	SAVE"enti_360"	
  361   3     0.30676        1769.11688   3     372
  362   1     0.56022         135.00000   1     402
  363   1     0.26096         532.27922   2     402
  364   3     0.15940        1244.55844   4     368
  365   1     0.31227         659.55844   2     368
  366   1     0.13341        3772.82792   3     370
  367   1     0.10739         135.00000   1     369
  368   4     0.11088         217.27922   4     369
  369   5     0.13190        1731.83766   5     370
  370   6     0.10880         434.55844   5     373	SAVE"enti_370"	
  371  75     0.02547        1933.67532   9     378	SAVE"enti_371"	
  372  15     0.24863         509.11688   7     378	SAVE"enti_372"	
  373   7     0.07065        1604.55844   6     377	SAVE"enti_373"	
  374   1     0.21299        1817.31493   2     377
  375   1     0.02177         262.27922   1     394
  376   1     0.03553         659.55844   2     394
  377   8     0.10053         561.83766   6     380	SAVE"enti_377"	
  378  76     0.03722         741.83766   9     382	SAVE"enti_378"	
  379   1     0.35680        1724.11688   2     382
  380   9     0.08624        1101.83766   6     381	SAVE"enti_380"	
  381  10     0.07194         270.00000   6     383	SAVE"enti_381"	
  382  77     0.02612         127.27922   9     385
  383  11     0.16852        1949.11688   6     385	SAVE"enti_383"	
  384   1     0.24645        1479.15260   2     373
  385  78     0.03225         561.83766   9     387	SAVE"enti_385"	
  386   1     0.37067        1022.75649   1     387
  387  79     0.03387         254.55844   9     396	SAVE"enti_387"	
  388   1     0.03015         190.91883   1     396
  389   2     0.19461        1648.23376   4     380
  390   1     0.39961         135.00000   1     420
  391   1     0.36388         824.11688   2     420
  392   1     0.36771        1218.19805   2     404
  393   1     0.32752         951.39610   2     404
  394   2     0.03868        2045.51299   4     400
  395   1     0.10635         405.00000   1     400
  396  80     0.02019         344.55844   9     401	SAVE"enti_396"	
  397   1     0.40574         315.00000   1     410
  398   1     0.54590         318.19805   1     410
  399   1     0.29651        1389.15260   2     381
  400   3     0.02158         344.55844   4     424
  401  81     0.02196         344.55844   9     415	SAVE"enti_401"	
  402   2     0.22682        3880.14285   4     415
  403   1     0.36539        1134.59415   2     434
  404   2     0.15383         434.55844   3     434
  405   1     0.13495        1600.03571   2     389
  406   1     0.10599         498.19805   1     424
  407   1     0.04006        1292.75649   2     425
  408   1     0.12531         318.19805   1     412
  409   1     0.15635         315.00000   1     412
  410   2     0.30747         524.55844   2     422
  411   1     0.38254         405.00000   1     422
  412   2     0.07463         704.55844   3     425
  413   4     0.26380        1086.39610   4     401
  414   2     0.37462         180.00000   3     413
  415  82     0.01810         779.11688   9     419	SAVE"enti_415"	
  416   1     0.60591         790.03571   1     419
  417   1     0.21719        2490.99026   3     452
  418   1     0.45843         262.27922   1     452
  419  83     0.00711         344.55844   9     428	SAVE"enti_419"	
  420   2     0.19017        1064.55844   3     458
  421   1     0.18340        1187.31493   2     458
  422   3     0.16489         996.39610   3     435
  423   1     0.33626         225.00000   1     435
  424   4     0.02659        1176.39610   4     436
  425   3     0.02934         741.83766   4     436
  426   1     0.21840         135.00000   1     427
  427   2     0.21703        2644.62987   3     383
  428  84     0.05969         254.55844   9     431	SAVE"enti_428"	
  429   1     0.12317         135.00000   1     430
  430   3     0.34911        1288.23376   4     413
  431  85     0.02789         471.83766   9     432	SAVE"enti_431"	
  432  86     0.00002         127.27922   9     449
  433   1     0.58529        1258.67532   1     449
  434   3     0.13234        1244.55844   4     464
  435   4     0.14281         853.67532   4     464
  436   5     0.01200         524.55844   5     454	SAVE"enti_436"	
  437   1     0.12522        1851.39610   2     389
  438   2     0.24513         381.83766   3     430
  439   1     0.37067         408.19805   1     432
  440   1     0.33552         190.91883   1     438
  441   1     0.42284        1019.55844   1     414
  442   1     0.10361         588.19805   1     454
  443   1     0.15788         951.39610   2     427
  444   1     0.43429        1479.15260   1     428
  445   1     0.32095         678.19805   1     473
  446   1     0.29655         712.27922   1     473
  447   2     0.37712        1468.23376   4     431
  448   1     0.08494        1004.11688   2     455
  449  87     0.01078        1468.23376   9     450	SAVE"enti_449"	
  450  88     0.00002         127.27922   9     451
  451  89     0.00002          90.00000   9     457
  452   2     0.26145        1843.67532   4     457
  453   1     0.40025         516.83766   1     477
  454   6     0.04164        1430.95454   5     490	SAVE"enti_454"	
  455   5     0.10302         704.55844   4     490
  456   4     0.03730         344.55844   4     455
  457  90     0.00051         561.83766   9     460	SAVE"enti_457"	
  458   3     0.23684        2554.62987   4     460
  459   1     0.12729         135.00000   1     456
  460  91     0.00002          90.00000   9     475
  461   3     0.06620         434.55844   4     456
  462   2     0.04560          90.00000   3     461
  463   1     0.07942         352.27922   1     462
  464   5     0.13369        1670.07143   5     483	SAVE"enti_464"	
  465   1     0.24945         280.91883   1     483
  466   1     0.39036         606.83766   1     477
  467   1     0.07341        1401.39610   2     462
  468   1     0.43900         606.83766   1     451
  469   1     0.16843         318.19805   1     461
  470   1     0.18301        1416.83766   2     438
  471   1     0.33358        2450.51299   2     414
  472   1     0.29757         622.27922   1     476
  473   2     0.14223        1505.51299   3     476
  474   1     0.01354         225.00000   1     479
  475  92     0.00859         996.39610   9     479	SAVE"enti_475"	
  476   3     0.09084         434.55844   4     492
  477   2     0.17084        1483.67532   3     480
  478   1     0.22892         730.91883   1     480
  479  93     0.00002         217.27922   9     482	SAVE"enti_479"	
  480   3     0.10738        1064.55844   4     492
  481   1     0.32019        1655.95454   2     447
  482  94     0.00002         509.11688   9     494	SAVE"enti_482"	
  483   6     0.13872        1648.23376   5     494	SAVE"enti_483"	
  484   1     0.29184        2040.99026   2     447
  485   1     0.45826         824.11688   1     482
  486   2     0.29777        1722.79221   4     475
  487   1     0.28212         805.47727   1     497
  488   1     0.25909         640.91883   2     497
  489   1     0.36745        2978.26948   2     450
  490   7     0.02653        2210.07143   6     506	SAVE"enti_490"	
  491   1     0.30198         315.00000   1     506
  492   4     0.11749        1955.51299   5     496	SAVE"enti_492"	
  493   1     0.39494         730.91883   1     486
  494  95     0.00549        1250.95454   9     495	SAVE"enti_494"	
  495  96     0.00002          90.00000   9     505
  496   5     0.12650        1229.11688   6     505	SAVE"enti_496"	
  497   2     0.13644        4556.46753   4     496
  498   1     0.10142         640.91883   2     511
  499   1     0.17984         190.91883   1     511
  500   1     0.13124        1385.95454   2     520
  501   1     0.11558        2158.67532   2     520
  502   1     0.39223        1606.43182   2     486
  503   1     0.25302        1146.83766   2     517
  504   1     0.27827         985.47727   2     517
  505  97     0.00842         487.27922  10     513	SAVE"enti_505"	
  506   8     0.02771        1049.11688   6     544	SAVE"enti_506"	
  507   1     0.31078         572.75649   1     544
  508   2     0.29018        2188.23376   3     495
  509   1     0.36342         982.27922   2     508
  510   1     0.44231         190.91883   1     508
  511   2     0.07730         794.55844   3     545
  512   1     0.21265         389.55844   1     545
  513  98     0.00918         906.39610  10     524	SAVE"enti_513"	
  514   1     0.01374         280.91883   1     524
  515   1     0.20373         712.27922   1     527
  516   1     0.21797         280.91883   1     527
  517   2     0.19394        1160.95454   4     529
  518   1     0.33002         280.91883   1     529
  519   1     0.21354         839.55844   2     541
  520   2     0.09017        1154.55844   4     541
  521   1     0.18493         588.19805   1     523
  522   1     0.17233         315.00000   1     538
  523   3     0.13004         217.27922   4     538
  524  99     0.00308         397.27922  10     533	SAVE"enti_524"	
  525   1     0.28487         880.03571   2     537
  526   1     0.36058         225.00000   1     537
  527   2     0.08805        1033.67532   3     523
  528   1     0.26336         588.19805   1     531
  529   3     0.16947         381.83766   4     531
  530   1     0.36976        2475.54870   2     513
  531   4     0.16105         307.27922   4     550
  532   1     0.36613        1600.03571   2     533
  533 100     0.00247         524.55844  10     535	SAVE"enti_533"	
  534   1     0.30103        1494.59415   2     535
  535 101     0.00358          90.00000  10     557
  536   1     0.10217         749.55844   1     557
  537   2     0.18398        1558.23376   3     550
  538   4     0.08928        1064.55844   4     560
  539   1     0.20508         405.00000   1     560
  540   1     0.21259        1187.31493   1     546
  541   3     0.08778        1027.27922   5     546
  542   1     0.19589        1531.87338   2     548
  543   1     0.22149         190.91883   1     548
  544   9     0.05005        2008.23376   6     570	SAVE"enti_544"	
  545   3     0.11319        2030.07143   4     570
  546   4     0.06141         217.27922   5     552	SAVE"enti_546"	
  547   1     0.12955        3226.43182   3     552
  548   2     0.18572         217.27922   3     562
  549   1     0.29332         585.00000   1     562
  550   5     0.10127         906.39610   5     555	SAVE"enti_550"	
  551   1     0.21257         749.55844   1     559
  552   5     0.04279          90.00000   5     559
  553   1     0.24407        1994.11688   2     555
  554   1     0.22262        1528.67532   2     568
  555   6     0.13471         254.55844   5     568	SAVE"enti_555"	
  556   1     0.32373        3043.23376   2     558
  557 102     0.00219         974.55844  10     558	SAVE"enti_557"	
  558 103     0.00002          90.00000  10     561
  559   6     0.11191         614.55844   5     607	SAVE"enti_559"	
  560   5     0.11284        1409.11688   4     607
  561 104     0.00002          90.00000  10     584
  562   3     0.18596        1738.23376   4     561
  563   1     0.00001         135.00000   1     576
  564   1     0.05891         786.83766   2     576
  565   1     0.10812        2888.26948   3     573
  566   1     0.17689        1441.87338   2     573
  567   1     0.36089        1525.47727   2     584
  568   7     0.06710         577.27922   5     579	SAVE"enti_568"	
  569   1     0.38176         315.00000   1     579
  570  10     0.06248         937.27922   6     587	SAVE"enti_570"	
  571   1     0.19862        1569.15260   2     587
  572   1     0.15261         498.19805   1     580
  573   2     0.08625         471.83766   4     580
  574   1     0.30475         625.47727   1     597
  575   1     0.18546         625.47727   2     597
  576   2     0.07557         704.55844   3     588
  577   1     0.14441         408.19805   1     588
  578   1     0.24195         352.27922   1     586
  579   8     0.06100        1086.39610   5     586	SAVE"enti_579"	
  580   3     0.08813         794.55844   4     583
  581   1     0.11671        3794.66558   3     583
  582   1     0.27878         498.19805   1     610
  583   4     0.07636         651.83766   5     610	SAVE"enti_583"	
  584 105     0.00573        1970.95454  10     594	SAVE"enti_584"	
  585   1     0.22380         280.91883   1     602
  586   9     0.04666         726.39610   6     602	SAVE"enti_586"	
  587  11     0.04896        2660.07143   6     598	SAVE"enti_587"	
  588   3     0.22453        1483.67532   4     598
  589   1     0.33034        1745.95454   2     603
  590   1     0.30453        1510.03571   2     603
  591   1     0.28053         749.55844   1     592
  592   4     0.17208        1064.55844   4     599
  593   1     0.30437         318.19805   1     599
  594 106     0.00589         217.27922  10     622	SAVE"enti_594"	
  595   1     0.30041         842.75649   1     622
  596   1     0.52606         190.91883   1     620
  597   2     0.17762        1356.39610   3     620
  598  12     0.04751         524.55844   7     609	SAVE"enti_598"	
  599   5     0.13594        1319.11688   5     594
  600   1     0.26588        1146.83766   1     652
  601  11     0.01526         180.00000   6     652	SAVE"enti_601"	
  602  10     0.05580         651.83766   6     601	SAVE"enti_602"	
  603   2     0.11884         344.55844   4     604
  604   3     0.08241         614.55844   4     592
  605   1     0.14888         262.27922   1     609
  606   1     0.17879         370.91883   1     604
  607   7     0.07113        2840.07143   6     632	SAVE"enti_607"	
  608   1     0.24063         790.03571   1     601
  609  13     0.04032         816.39610   7     611	SAVE"enti_609"	
  610   5     0.12233        1446.39610   5     632	SAVE"enti_610"	
  611  14     0.03765         487.27922   7     616	SAVE"enti_611"	
  612   1     0.13464         442.27922   1     618
  613   1     0.21273         315.00000   1     618
  614   1     0.23190         929.55844   1     625
  615   1     0.26075         315.00000   1     625
  616  15     0.05476         217.27922   7     629	SAVE"enti_616"	
  617   1     0.38725        1221.39610   2     629
  618   2     0.22117         127.27922   3     639
  619   1     0.11371        3664.18831   3     639
  620   3     0.15365         921.83766   4     647
  621   1     0.50694         135.00000   1     647
  622 107     0.00084        1139.11688  10     646	SAVE"enti_622"	
  623   1     0.10831        1587.79221   2     646
  624   1     0.18711        3394.18831   3     667
  625   2     0.16432         397.27922   3     667
  626   1     0.15739         532.27922   1     616
  627   1     0.14141        3127.38636   3     643
  628   1     0.19341        2199.15260   2     643
  629  16     0.04451         980.95454   7     630	SAVE"enti_629"	
  630  17     0.02778         884.55844   7     631	SAVE"enti_630"	
  631  18     0.05595         270.00000   7     633	SAVE"enti_631"	
  632   8     0.04450        1049.11688   6     633	SAVE"enti_632"	
  633  19     0.01075         651.83766   8     634	SAVE"enti_633"	
  634  20     0.06143         810.00000   8     662	SAVE"enti_634"	
  635   1     0.43788         352.27922   1     662
  636   1     0.26586         644.11688   1     642
  637   1     0.16110         318.19805   1     720
  638   1     0.16559         315.00000   1     720
  639   3     0.12443        1250.95454   4     678
  640   1     0.14139        1094.11688   2     678
  641   1     0.19371        1202.75649   2     642
  642   2     0.23755         831.83766   3     645
  643   2     0.10905         741.83766   4     669
  644   1     0.37885         190.91883   1     669
  645   3     0.14755         847.27922   4     651
  646 108     0.00142        1266.39610  10     651	SAVE"enti_646"	
  647   4     0.11120        1244.55844   4     660
  648   1     0.15358        1240.03571   2     660
  649   1     0.09229         786.83766   2     664
  650   1     0.08057        2615.07143   2     664
  651 109     0.00256         217.27922  10     656	SAVE"enti_651"	
  652  12     0.06305        3805.58441   6     656	SAVE"enti_652"	
  653   1     0.27810        1277.31493   2     630
  654   2     0.22131         869.11688   3     634
  655   1     0.26409        1168.67532   2     645
  656 110     0.00002         217.27922  10     673	SAVE"enti_656"	
  657   1     0.22090         460.91883   1     666
  658   1     0.11495        1528.67532   2     666
  659   1     0.14133        1829.55844   2     668
  660   5     0.07791         980.95454   5     668
  661   1     0.20934        1708.67532   2     631
  662  21     0.02916        1940.07143   8     676	SAVE"enti_662"	
  663   1     0.08392        1348.67532   2     710
  664   2     0.05917         794.55844   4     710
  665   1     0.14188        1817.31493   2     686
  666   2     0.13818         704.55844   3     686
  667   3     0.09345        2023.67532   4     684
  668   6     0.08235         344.55844   5     684	SAVE"enti_668"	
  669   3     0.06368        1176.39610   5     698
  670   1     0.16596        2608.67532   2     698
  671   1     0.30714         408.19805   1     676
  672   1     0.30770        1547.31493   2     673
  673 111     0.00197         816.39610  10     685	SAVE"enti_673"	
  674   1     0.20810         966.83766   2     654
  675   1     0.16557        1261.87338   2     654
  676  22     0.05298         561.83766   8     677	SAVE"enti_676"	
  677  23     0.00002          90.00000   8     690
  678   4     0.12794        1536.39610   5     690	SAVE"enti_678"	
  679   1     0.26328        1528.67532   2     685
  680   1     0.12665         442.27922   1     714
  681   1     0.06228         190.91883   1     714
  682   2     0.18746        1266.39610   4     677
  683   1     0.21712         771.39610   1     693
  684   7     0.04712        1070.95454   6     693	SAVE"enti_684"	
  685 112     0.00167        1086.39610  10     695	SAVE"enti_685"	
  686   3     0.12991        1250.95454   4     695
  687   1     0.08525        2472.35065   2     697
  688   1     0.10735        4691.46753   3     697
  689   1     0.25797        1184.11688   2     682
  690  24     0.03200         831.83766   8     702	SAVE"enti_690"	
  691   1     0.11135         532.27922   2     706
  692   1     0.14218         315.00000   1     706
  693   8     0.04265         397.27922   6     713	SAVE"enti_693"	
  694   1     0.16817         768.19805   1     713
  695 113     0.00002         471.83766  10     705	SAVE"enti_695"	
  696   1     0.32825         135.00000   1     705
  697   2     0.04262         599.11688   4     718
  698   4     0.04853        1424.55844   5     718	SAVE"enti_698"	
  699   4     0.08078        4429.18831   4     611
  700   1     0.11813         535.47727   1     699
  701   1     0.26362        1333.23376   2     682
  702  25     0.02601         816.39610   8     707	SAVE"enti_702"	
  703   1     0.26152        1236.83766   2     707
  704   1     0.20472        1295.95454   1     717
  705 114     0.00002         307.27922  10     717	SAVE"enti_705"	
  706   2     0.08515         561.83766   3     719
  707  26     0.01111         127.27922   8     722
  708   3     0.02366         471.83766   4     699
  709   1     0.07785         625.47727   1     708
  710   3     0.09059        2135.51299   4     728
  711   1     0.27178         734.11688   1     728
  712   1     0.17244         442.27922   1     721
  713   9     0.04741        1033.67532   6     721	SAVE"enti_713"	
  714   2     0.07916        1378.23376   3     772
  715   1     0.11168         824.11688   1     772
  716   1     0.30674        1199.55844   2     724
  717 115     0.00002         397.27922  10     724	SAVE"enti_717"	
  718   5     0.03305         577.27922   6     733	SAVE"enti_718"	
  719   3     0.05853         599.11688   4     733
  720   2     0.09650        3873.74675   4     751
  721  10     0.03815        1753.67532   6     751	SAVE"enti_721"	
  722  27     0.02744        1213.67532   8     738	SAVE"enti_722"	
  723   1     0.27512         190.91883   1     727
  724 116     0.01853         434.55844  10     750	SAVE"enti_724"	
  725   1     0.16201        2168.26948   2     750
  726   1     0.23313        2220.99026   2     702
  727  32     0.03192         397.27922   8     731	SAVE"enti_727"	
  728   4     0.13147         540.00000   5     731	SAVE"enti_728"	
  729   1     0.22198        1981.87338   2     722
  730   1     0.27764         408.19805   1     738
  731  33     0.03173         577.27922   8     740	SAVE"enti_731"	
  732   1     0.08711         262.27922   1     740
  733   6     0.03001         614.55844   6     747	SAVE"enti_733"	
  734   2     0.03348        1033.67532   4     708
  735   1     0.05393        1510.03571   2     734
  736   1     0.16646         892.27922   1     745
  737   1     0.04746         135.00000   1     739
  738  28     0.01971         524.55844   8     739	SAVE"enti_738"	
  739  29     0.03091         307.27922   8     745	SAVE"enti_739"	
  740  34     0.03995         344.55844   8     754	SAVE"enti_740"	
  741   1     0.25639        1004.11688   2     754
  742   1     0.07737        2397.79221   3     769
  743   1     0.22551         262.27922   1     769
  744   1     0.00001         135.00000   1     746
  745  30     0.00119         434.55844   8     746	SAVE"enti_745"	
  746  31     0.01835         959.11688   8     727	SAVE"enti_746"	
  747   7     0.03269         471.83766   6     765	SAVE"enti_747"	
  748   1     0.13683         914.11688   1     747
  749   1     0.06804         805.47727   1     734
  750 117     0.01182         906.39610  10     756	SAVE"enti_750"	
  751  11     0.03933        1753.67532   6     756	SAVE"enti_751"	
  752   1     0.21502         675.00000   1     757
  753   1     0.19347         318.19805   1     757
  754  35     0.05531        1049.11688   8     770	SAVE"enti_754"	
  755   1     0.27649         588.19805   1     770
  756 118     0.01084         704.55844  10     763	SAVE"enti_756"	
  757   2     0.16047         344.55844   3     759
  758   1     0.10025        2528.26948   2     767
  759   3     0.18140         397.27922   3     760
  760   4     0.11585        1281.83766   4     763
  761   1     0.21798         352.27922   1     767
  762   1     0.09796        2596.43182   2     719
  763 119     0.01460         471.83766  10     796	SAVE"enti_763"	
  764   1     0.06728        2211.39610   2     775
  765   8     0.01863        1558.23376   6     775	SAVE"enti_765"	
  766   1     0.23287         535.47727   1     759
  767   2     0.08663         869.11688   4     796
  768   1     0.12826         696.83766   1     782
  769   2     0.05215        1266.39610   4     782
  770  36     0.03952         921.83766   8     793	SAVE"enti_770"	
  771   1     0.00001         135.00000   1     793
  772   3     0.05086        2240.95454   4     784
  773  11     0.02074         360.00000   6     784	SAVE"enti_773"	
  774  10     0.02328         450.00000   6     773	SAVE"enti_774"	
  775   9     0.01479         254.55844   6     774	SAVE"enti_775"	
  776   1     0.45380         280.91883   1     801
  777   1     0.14409         498.19805   1     790
  778   1     0.28529         588.19805   1     760
  779   1     0.15049         442.27922   1     780
  780   2     0.11523         397.27922   3     790
  781   1     0.10578         752.75649   1     794
  782   3     0.03461         397.27922   4     794
  783   1     0.08986        1544.11688   1     789
  784  12     0.02111         651.83766   7     789	SAVE"enti_784"	
  785   1     0.34248         190.91883   1     780
  786   1     0.17183        1187.31493   1     787
  787   5     0.09168        2899.18831   5     801	SAVE"enti_787"	
  788   1     0.05325         135.00000   1     795
  789  13     0.01594         307.27922   7     795	SAVE"enti_789"	
  790   3     0.13482         651.83766   3     791
  791   4     0.08676         577.27922   4     787
  792   1     0.27194         659.55844   1     798
  793  37     0.04872         906.39610   8     798	SAVE"enti_793"	
  794   4     0.05976         397.27922   4     818
  795  14     0.00693        1011.83766   7     818	SAVE"enti_795"	
  796 120     0.00705        1123.67532  10     806	SAVE"enti_796"	
  797   2     0.05755        1070.95454   4     774
  798  38     0.00260         651.83766   8     804	SAVE"enti_798"	
  799   1     0.00001         135.00000   1     804
  800   1     0.16234         786.83766   2     791
  801   6     0.10170        2840.07143   5     802	SAVE"enti_801"	
  802   7     0.07722         847.27922   6     803	SAVE"enti_802"	
  803   8     0.07288         831.83766   6     827	SAVE"enti_803"	
  804  39     0.03465         307.27922   8     827	SAVE"enti_804"	
  805   1     0.21629        1491.39610   2     806
  806 121     0.01072         509.11688  10     816	SAVE"enti_806"	
  807   1     0.24582         752.75649   1     816
  808   1     0.11188        2854.18831   3     765
  809   2     0.17187        1229.11688   3     810
  810   3     0.11520         869.11688   4     802
  811   1     0.10697        1801.87338   2     773
  812   1     0.25342        1146.83766   2     809
  813   1     0.14384        1187.31493   2     797
  814   1     0.32699         625.47727   1     809
  815   1     0.30530         970.03571   1     803
  816 122     0.00948        1086.39610  10     822	SAVE"enti_816"	
  817   1     0.17940        1513.23376   2     822
  818  15     0.03780        1170.00000   7     831	SAVE"enti_818"	
  819   1     0.13915         225.00000   1     820
  820   2     0.19494         561.83766   3     810
  821   3     0.05624        1207.27922   4     831
  822 123     0.01157         270.00000  10     849	SAVE"enti_822"	
  823   1     0.14192         315.00000   1     849
  824   1     0.09171        2608.67532   3     797
  825   1     0.24976         370.91883   1     821
  826   1     0.28297         588.19805   1     820
  827  40     0.04133        1812.79221   8     828	SAVE"enti_827"	
  828  41     0.00102         180.00000   8     840	SAVE"enti_828"	
  829   1     0.18180        1618.67532   2     840
  830   1     0.12039        1569.15260   2     833
  831  16     0.01561         831.83766   7     859	SAVE"enti_831"	
  832   1     0.30266         190.91883   1     859
  833   2     0.04664         127.27922   4     839
  834   1     0.18030        1472.75649   2     833
  835   2     0.08550        2098.23376   4     821
  836   1     0.13635         892.27922   2     835
  837   1     0.19884         932.75649   1     839
  838   2     0.22508         959.11688   4     828
  839   3     0.06999         816.39610   4     890
  840  42     0.00002        1070.95454   8     845	SAVE"enti_840"	
  841   1     0.23711        1038.19805   1     845
  842   1     0.23572         280.91883   1     890
  843   1     0.24913        1472.75649   2     838
  844   1     0.62080         225.00000   1     838
  845  43     0.00002         831.83766   8     851	SAVE"enti_845"	
  846   1     0.04237         225.00000   1     851
  847   1     0.27926         945.00000   1     852
  848   1     0.23863         715.47727   1     858
  849 124     0.01127        1393.67532  10     858	SAVE"enti_849"	
  850   1     0.11947         569.55844   1     835
  851  44     0.04218         614.55844   8     852	SAVE"enti_851"	
  852  45     0.06599         127.27922   8     854
  853   1     0.41776         370.91883   1     854
  854  46     0.06176         381.83766   8     857	SAVE"enti_854"	
  855   1     0.29181         824.11688   2     857
  856   1     0.09282         827.31493   1     862
  857  47     0.00002          90.00000   8     863
  858 125     0.00509         614.55844  10     861	SAVE"enti_858"	
  859  17     0.05102        2427.35065   7     861	SAVE"enti_859"	
  860   1     0.10962        1364.11688   2     862
  861 126     0.01081         614.55844  10     871	SAVE"enti_861"	
  862   2     0.12065        2442.79221   3     871
  863  48     0.01959        1070.95454   9     878	SAVE"enti_863"	
  864   1     0.14006        1888.67532   2     868
  865   1     0.14932        1544.11688   2     881
  866   1     0.18599         625.47727   1     881
  867   1     0.29919         190.91883   1     868
  868   2     0.11170         397.27922   4     919
  869   1     0.21339         190.91883   1     919
  870  15     0.04084        1812.79221   7     863	SAVE"enti_870"	
  871 127     0.01431         524.55844  10     885	SAVE"enti_871"	
  872   1     0.26504         405.00000   1     885
  873   1     0.25252        1351.87338   2     874
  874  14     0.04335         217.27922   7     870	SAVE"enti_874"	
  875   1     0.14693         824.11688   1     879
  876   2     0.17323         180.00000   3     879
  877   1     0.19149         678.19805   1     876
  878  49     0.01915        1393.67532   9     884	SAVE"enti_878"	
  879   3     0.12209         307.27922   3     888
  880   1     0.18922         569.55844   1     905
  881   2     0.09324         434.55844   3     905
  882   1     0.22806         280.91883   1     883
  883  13     0.05699         434.55844   7     874	SAVE"enti_883"	
  884  50     0.01808         651.83766   9     896	SAVE"enti_884"	
  885 128     0.00886         307.27922  10     896	SAVE"enti_885"	
  886   1     0.20990         318.19805   1     876
  887   1     0.18096         442.27922   1     892
  888   4     0.08899        1064.55844   4     892
  889   1     0.31174         262.27922   1     888
  890   4     0.10844        4742.86363   5     899	SAVE"enti_890"	
  891   1     0.16405         315.00000   1     893
  892   5     0.06303         344.55844   4     893
  893   6     0.07719         217.27922   4     898
  894   1     0.35502         190.91883   1     898
  895   1     0.16408        3720.10714   3     899
  896 129     0.01039         937.27922  11     913	SAVE"enti_896"	
  897   1     0.19168         405.00000   1     914
  898   7     0.08104         344.55844   4     914
  899   5     0.10288         816.39610   5     900	SAVE"enti_899"	
  900  12     0.04648        1430.95454   7     883	SAVE"enti_900"	
  901  11     0.10747          90.00000   6     900
  902   1     0.22101        1783.23376   2     878
  903   1     0.20954         262.27922   1     901
  904   1     0.16224        1910.51299   2     884
  905   3     0.07716        1154.55844   4     918
  906   1     0.08815        2742.35065   3     918
  907   6     0.14445         651.83766   5     913	SAVE"enti_907"	
  908   3     0.18226        1589.11688   3     870
  909  10     0.05433         561.83766   6     901	SAVE"enti_909"	
  910   1     0.22319         190.91883   1     908
  911   2     0.23523          90.00000   3     908
  912   9     0.10157        1266.39610   6     909	SAVE"enti_912"	
  913 130     0.00772        1843.67532  11     946	SAVE"enti_913"	
  914   8     0.09478        1086.39610   5     946
  915   1     0.25334         318.19805   1     912
  916   1     0.25262         408.19805   1     911
  917   1     0.16676         479.55844   1     927
  918   4     0.04681         689.11688   5     927
  919   3     0.08505        3318.30519   4     920
  920   8     0.10275        1663.67532   6     912	SAVE"enti_920"	
  921   1     0.17399        1655.95454   2     923
  922   1     0.25692         914.11688   1     911
  923   6     0.04827         307.27922   5     924
  924   7     0.06143         921.83766   5     920	SAVE"enti_924"	
  925   1     0.24620        1075.47727   2     907
  926   1     0.23916         135.00000   1     924
  927   5     0.06386         816.39610   5     933	SAVE"enti_927"	
  928   5     0.06554         689.11688   4     923
  929   7     0.11926        1064.55844   5     909	SAVE"enti_929"	
  930   1     0.32393         914.11688   1     931
  931   5     0.09978        2141.90909   5     907	SAVE"enti_931"	
  932   1     0.19882        1109.55844   2     951
  933   6     0.05936         614.55844   6     951	SAVE"enti_933"	
  934   4     0.04944         524.55844   5     933	SAVE"enti_934"	
  935   1     0.31124         786.83766   1     936
  936   4     0.07375         434.55844   4     928
  937   1     0.24916         225.00000   1     928
  938   3     0.07446         397.27922   5     934
  939   2     0.09145         884.55844   4     938
  940   1     0.20070         445.47727   1     939
  941   3     0.07337         127.27922   4     936
  942   4     0.13434         254.55844   5     931
  943   1     0.10746        1985.07143   3     944
  944   2     0.07997         307.27922   4     941
  945   2     0.13714         614.55844   4     929
  946 131     0.01186        1685.51299  11     955	SAVE"enti_946"	
  947   1     0.17223        1404.59415   2     955
  948   1     0.16806         225.00000   1     941
  949   3     0.10991         344.55844   5     942
  950   1     0.16982        1364.11688   2     956
  951   7     0.05980        1139.11688   6     956	SAVE"enti_951"	
  952   1     0.30859         625.47727   1     942
  953   6     0.06150        1288.23376   5     929	SAVE"enti_953"	
  954   1     0.07240         790.03571   2     944
  955 132     0.01359         577.27922  11     968	SAVE"enti_955"	
  956   8     0.05221        1483.67532   6     968	SAVE"enti_956"	
  957   5     0.08378         434.55844   5     953
  958   1     0.11304         190.91883   1     962
  959   1     0.19981         516.83766   1     960
  960   4     0.11411         921.83766   4     957
  961   1     0.13679        1401.39610   2     934
  962   2     0.13552        1933.67532   3     974
  963   1     0.09509        2000.51299   3     939
  964   1     0.28202         802.27922   1     953
  965   1     0.17268        2050.03571   2     945
  966   2     0.18900        1139.11688   3     949
  967   1     0.20260        1007.31493   1     962
  968 133     0.01107         869.11688  11     971	SAVE"enti_968"	
  969   1     0.18785        1401.39610   2     945
  970   1     0.17189         389.55844   1     966
  971 134     0.01203         524.55844  11     983	SAVE"enti_971"	
  972   1     0.20536        1274.11688   2     983
  973   3     0.10822        1123.67532   4     960
  974   3     0.14468        1648.23376   4     971
  975   1     0.41513         190.91883   1     973
  976   1     0.28524        1112.75649   2     957
  977   1     0.15041         749.55844   2     978
  978   2     0.10488         614.55844   3     973
  979   2     0.16341        2712.79221   3     949
  980   1     0.17467        1351.87338   2     974
  981   1     0.12461        2416.43182   3     938
  982   1     0.09001         318.19805   1     979
  983 135     0.00863         577.27922  11     988	SAVE"enti_983"	
  984   1     0.12891         445.47727   1     979
  985   1     0.13361         588.19805   1     978
  986   1     0.10588         786.83766   1     988
  987   1     0.14070        1491.39610   2     966
  988 136     0.01311         741.83766  11     991	SAVE"enti_988"	
  989   1     0.39779         190.91883   1     995
  990   1     0.24729        1581.39610   2     995
  991 137     0.01160         344.55844  11    1003	SAVE"enti_991"	
  992   1     0.26412        1606.43182   2    1003
  993   3     0.07421         704.55844   4    1000
  994   1     0.25362         352.27922   1    1000
  995   2     0.21021         651.83766   3     996
  996  16     0.00177         360.00000   7     997	SAVE"enti_996"	
  997  17     0.04350        2076.39610   7     991	SAVE"enti_997"	
  998   1     0.19682        1565.95454   2     999
  999   2     0.08186         307.27922   4     993
 1000   4     0.08716        1207.27922   5    1008
 1001   1     0.42488         315.00000   1    1008
 1002   1     0.26873         352.27922   1     997
 1003 138     0.00852         561.83766  11    1018	SAVE"enti_1003"	
 1004   1     0.15732        1146.83766   2    1021
 1005   1     0.46003         352.27922   1    1021
 1006   1     0.28171         405.00000   1     993
 1007   1     0.11126        1531.87338   2    1013
 1008   5     0.11298         599.11688   5    1015	SAVE"enti_1008"	
 1009   1     0.29845         696.83766   1    1015
 1010   1     0.03281         262.27922   1    1013
 1011  15     0.03813        1303.67532   7     996	SAVE"enti_1011"	
 1012   1     0.19041         715.47727   1    1018
 1013   2     0.27266         651.83766   3    1025
 1014   1     0.41840         262.27922   1    1025
 1015   6     0.04580         381.83766   6    1024	SAVE"enti_1015"	
 1016   1     0.41535         880.03571   2    1017
 1017  14     0.03232         779.11688   7    1011	SAVE"enti_1017"	
 1018 139     0.00928         704.55844  11    1038	SAVE"enti_1018"	
 1019   1     0.11765        2056.43182   3     999
 1020   1     0.23172        1308.19805   2    1040
 1021   2     0.16393        1303.67532   3    1040
 1022   1     0.29375         749.55844   1    1038
 1023   3     0.12822        1520.95454   4    1015
 1024   7     0.10226         906.39610   6    1034	SAVE"enti_1024"	
 1025   3     0.20197         726.39610   4    1066
 1026   1     0.24952         352.27922   1    1066
 1027  13     0.03444         779.11688   7    1017	SAVE"enti_1027"	
 1028   1     0.49217         460.91883   1    1029
 1029  10     0.04577         667.27922   7    1030	SAVE"enti_1029"	
 1030  11     0.07989          90.00000   7    1032
 1031   1     0.42635         985.47727   1    1032
 1032  12     0.04901         434.55844   7    1027	SAVE"enti_1032"	
 1033   1     0.34027         625.47727   1    1034
 1034   8     0.12547         831.83766   6    1035	SAVE"enti_1034"	
 1035   9     0.07195         704.55844   7    1029	SAVE"enti_1035"	
 1036   2     0.16243         689.11688   4    1023
 1037   1     0.27974        1311.39610   2    1024
 1038 140     0.00711         959.11688  11    1039	SAVE"enti_1038"	
 1039 141     0.00271          90.00000  11    1044
 1040   3     0.08600         869.11688   4    1044
 1041   1     0.46484         622.27922   1    1030
 1042   2     0.22513         974.55844   4    1043
 1043   3     0.10798        1499.11688   4    1039
 1044 142     0.01363        1086.39610  11    1052	SAVE"enti_1044"	
 1045   1     0.35509         569.55844   1    1042
 1046   1     0.38788        1038.19805   2    1027
 1047   1     0.08548        1060.03571   1    1049
 1048   1     0.26855        1686.83766   2    1049
 1049 144     0.00996         360.00000  11    1053	SAVE"enti_1049"	
 1050   1     0.26347        1292.75649   1    1053
 1051   1     0.28527         929.55844   1    1036
 1052 143     0.01007        1880.95454  11    1049	SAVE"enti_1052"	
 1053 145     0.00676         217.27922  11    1054	SAVE"enti_1053"	
 1054 146     0.00651         524.55844  11    1059	SAVE"enti_1054"	
 1055   1     0.25634        1798.67532   2    1059
 1056   1     0.17854        2363.71104   2    1042
 1057   8     0.09263        1229.11688   6    1035	SAVE"enti_1057"	
 1058   1     0.26769        2506.43182   2    1011
 1059 147     0.00656         614.55844  11    1063	SAVE"enti_1059"	
 1060   1     0.15920         895.47727   2    1065
 1061   1     0.13520        1925.95454   3    1036
 1062   1     0.29768        1060.03571   2    1043
 1063 148     0.01180         614.55844  11    1065	SAVE"enti_1063"	
 1064 150     0.00004          45.00000  11      -1
 1065 149     0.00341        1716.39610  11    1064	SAVE"enti_1065"	
 1066   4     0.07221        2337.35065   4    1064
 1067   7     0.02566         561.83766   6    1057	SAVE"enti_1067"	
 1068   1     0.18475        2267.31493   2    1023
 1069   1     0.33529        1708.67532   2    1057
 1070   3     0.20284         614.55844   4    1067
 1071   4     0.08358        1176.39610   4    1054
 1072  11     0.04332        2030.07143   6    1052	SAVE"enti_1072"	
 1073   1     0.18261        4470.99026   3    1072
 1074   6     0.07993        1483.67532   6    1067	SAVE"enti_1074"	
 1075   2     0.25377         816.39610   3    1070
 1076   1     0.35441         532.27922   1    1070
 1077   3     0.08774         524.55844   4    1071
 1078   5     0.13892         434.55844   5    1074	SAVE"enti_1078"	
 1079   1     0.20884        2003.71104   2    1078
 1080   1     0.38244         498.19805   1    1075
 1081   4     0.12309         254.55844   5    1078	SAVE"enti_1081"	
 1082  10     0.06649         943.67532   6    1072	SAVE"enti_1082"	
 1083   1     0.23718         535.47727   1    1077
 1084   1     0.32900         498.19805   1    1075
 1085   1     0.18412        1544.11688   2    1071
 1086   1     0.18276        1888.67532   2    1063
 1087   1     0.35340        1075.47727   2    1081
 1088   4     0.11993         816.39610   4    1082
 1089   1     0.43643         135.00000   1    1088
 1090   5     0.12658        1303.67532   5    1074	SAVE"enti_1090"	
 1091   2     0.14922        1101.83766   4    1092
 1092   9     0.06859         906.39610   6    1082	SAVE"enti_1092"	
 1093   2     0.10653        1139.11688   3    1077
 1094   1     0.25721        2236.43182   3    1091
 1095   1     0.31616         861.39610   1    1091
 1096   3     0.16637         434.55844   3    1088
 1097   1     0.22825         696.83766   2    1093
 1098   1     0.40895         370.91883   1    1093
 1099   1     0.36270         535.47727   1    1096
 1100   1     0.09635        2075.07143   2    1108
 1101   3     0.11623        1520.95454   5    1081
 1102   1     0.18755         460.91883   1    1108
 1103   8     0.08197         794.55844   5    1092	SAVE"enti_1103"	
 1104   2     0.17039         577.27922   3    1096
 1105   4     0.09626        1340.95454   5    1090
 1106   2     0.22553         434.55844   3    1103
 1107   1     0.51721         190.91883   1    1104
 1108   2     0.12458         959.11688   4    1109
 1109   3     0.12583         577.27922   4    1105
 1110   2     0.09269         779.11688   4    1101
 1111   1     0.17243         585.00000   1    1110
 1112   1     0.34053         318.19805   1    1106
 1113   1     0.31910        1056.83766   1    1106
 1114   1     0.36497         572.75649   1    1104
 1115   1     0.21011         352.27922   1    1109
 1116   7     0.07572         577.27922   5    1103	SAVE"enti_1116"	
 1117   2     0.08698          90.00000   2    1116
 1118   1     0.59102         190.91883   1    1117
 1119   6     0.13992         599.11688   5    1116	SAVE"enti_1119"	
 1120   1     0.48118         498.19805   1    1117
 1121   1     0.25515        1150.03571   1    1105
 1122   1     0.19880        2248.67532   2    1090
 1123   5     0.12565        1356.39610   5    1119
 1124   1     0.29392         479.55844   1    1125
 1125   3     0.19861          90.00000   4    1129
 1126   1     0.17360         262.27922   1    1129
 1127   2     0.20780         651.83766   3    1119
 1128   1     0.15130        2618.26948   3    1101
 1129   4     0.14523        1011.83766   4    1123
 1130   1     0.34501         318.19805   1    1127
 1131   1     0.13955        2143.23376   2    1110
 1132   1     0.19981         135.00000   1    1133
 1133   2     0.15022         959.11688   3    1125
 1134   1     0.21737         442.27922   2    1133
 1135   1     0.16196        1584.59415   2    1127
 1136   1     0.20811        1817.31493   2    1123
