           1     0.947167
           2      7.60107
           3      1.54374
           4      10.1619
           5      58.9316
           6      94.9698
           7      16.2492
           8      1.53734
           9      10.0247
          10      34.9644
          11      11.8452
          12      2.02335
          13      2.61508
          14      6.27422
          15       8.0371
          16      6.95718
          17      40.8706
          18      4.44573
          19      1.11568
          20      3.45151
          21      5.42151
          22      28.1295
          23      114.234
          24     0.437007
          25      17.2382
          26      58.1751
          27      508.674
          28      203.421
          29      5.95768
          30      1.14429
          31     0.659174
          32      7.23197
          33      111.251
          34      47.7923
          35      3.53518
          36      3.03947
          37      90.0609
          38      4.32963
          39       24.823
          40      8.08177
          41      21.1054
          42     0.594939
          43      6.41971
          44      46.7541
          45      7.80158
          46      10.6957
          47      4.37794
          48      5.59399
          49      112.358
          50      23.7018
          51      35.6407
          52      1.21045
          53      30.1582
          54     0.816139
          55      8.35255
          56      12.3944
          57      35.7239
          58      14.0933
          59      23.6075
          60     0.685645
          61       1.9189
          62      13.4812
          63      3.15367
          64     0.167219
          65       14.991
          66      43.6066
          67      7.50777
          68      29.3314
          69      2.78318
          70      9.62311
          71      7.21292
          72      73.9327
          73      132.787
          74      3.79219
          75      12.0069
          76       39.831
          77      1.19989
          78      30.7362
          79     0.351893
          80      52.6132
          81      9.13718
          82      5.19596
          83      10.8991
          84      2.73844
          85      6.20519
          86      2.31557
          87      1.60912
          88      15.6055
          89      8.77482
          90      55.3772
          91      5.93665
          92      28.3059
          93       298.24
          94      9.19991
          95      5.74409
          96      16.7852
          97      41.5323
          98      152.321
          99      11.7487
         100       17.071
         101     0.762116
         102      6.65186
         103      9.45069
         104      208.237
         105      69.8359
         106       3.8951
         107      1.47101
         108      44.3491
         109      111.797
         110     0.644156
         111      10.5779
         112      5.06164
         113      4.99945
         114      3.70598
         115      22.4863
         116      16.0253
         117      23.5894
         118      8.76241
         119      5.87967
         120      233.217
         121      2.27621
         122      93.6989
         123      2.42367
         124      1.77634
         125      11.2134
         126      2005.46
         127      7.81884
         128      43.7917
         129      1.96489
         130      49.5239
         131      0.99236
         132      6.76342
         133      10.8024
         134      19.9266
         135      137.373
         136      9.63761
         137      9.95047
         138      13.8168
         139      5.30454
         140      3.93218
         141      1.67771
         142      55.7991
         143      2.06736
         144     0.951201
         145      11.2647
         146      1.62107
         147      18.0023
         148      4.13219
         149      18.4941
         150      7.57992
         151      55.9947
         152       8.5624
         153      4.00533
         154      24.5424
         155      513.357
         156      28.0079
         157      1.82717
         158     0.683823
         159      14.3386
         160      3.08939
         161      41.7635
         162      5.40099
         163      1.75816
         164      35.7211
         165      7.46187
         166      1.63443
         167      7.36618
         168    0.0396244
         169      159.783
         170      112.507
         171      13.1498
         172      108.616
         173      19.4458
         174      92.6261
         175      3.07706
         176      11.5095
         177     0.414755
         178      69.2668
         179      0.51405
         180      9.26845
         181      103.463
         182      2.70909
         183       5.4067
         184     0.138951
         185       86.206
         186      49.8558
         187      111.251
         188      2.96608
         189      44.7203
         190      1.10413
         191      11.7868
         192      2.70001
         193      132.096
         194      8.76194
         195      6.64155
         196      276.309
         197      97.4762
         198     0.695953
         199      46.2628
         200      27.9333
         201      16.2138
         202     0.481646
         203      171.656
         204      156.744
         205      16.5814
         206      1036.47
         207     0.769935
         208      1.94864
         209      9.66206
         210      911.175
         211      5.21441
         212     0.842803
         213      3047.52
         214      270.557
         215     0.802242
         216        18.89
         217     0.445158
         218      30.2213
         219      21.9176
         220      124.613
         221      7.31195
         222      187.554
         223      29.6799
         224      4.64972
         225      24.0578
         226      329.328
         227         8.45
         228      99.7069
         229      0.18359
         230      35.1964
         231     0.648025
         232      249.905
         233      6.45957
         234       8.5463
         235      5.01732
         236      21.8469
         237     0.577258
         238      2.31826
         239       5.9863
         240      11.5573
         241      707.007
         242      8.88337
         243      13.4565
         244      1.71808
         245      28.9464
         246      13.9079
         247      1.47959
         248      386.239
         249      1018.23
         250      111.429
         251       6.8033
         252       21.775
         253      15.1579
         254      14.6088
         255      3.94652
         256      6.34504
         257      9.39667
         258     0.759981
         259      369.372
         260      29.5551
         261      247.241
         262      2.81229
         263     0.299819
         264      8.74755
         265      4.26941
         266   0.00806733
         267      2.96177
         268      776.468
         269      2.74503
         270      24.2173
         271      0.33134
         272    0.0313683
         273      257.789
         274      9.19244
         275      1.45661
         276      2.20389
         277      5.64789
         278     0.287988
         279      2.76152
         280     0.775495
         281      258.044
         282      1.74129
         283     0.887259
         284       36.423
         285      1.90956
         286      303.374
         287     0.243651
         288      1.87029
         289      1.44928
         290      4.10167
         291      26.0874
         292      0.16244
         293      21.4195
         294      1.69271
         295      6.15458
         296      11.7846
         297      5.84967
         298      2.52844
         299      538.811
         300      1.26404
         301      12.3297
         302      7.04956
         303     0.903127
         304      1.36362
         305      1.01919
         306      1.00506
         307      16.7153
         308      6.70959
         309      1.00292
         310      365.537
         311       2.5458
         312      9.82597
         313     0.642501
         314      1.33818
         315     0.664702
         316      2.02732
         317      541.567
         318       45.132
         319      106.353
         320     0.144623
         321      146.278
         322       7.9631
         323      1.91866
         324      3.34703
         325       1.5105
         326      5.64003
         327      5.76338
         328      0.37684
         329      2.65496
         330       27.096
         331      1.82622
         332      2.02526
         333       713.83
         334      26.2722
         335     0.495725
         336      7.08374
         337      17.9749
         338      1.48111
         339      248.099
         340      1.16929
         341      217.879
         342      0.28652
         343       16.103
         344       3.4871
         345      317.413
         346      1.12149
         347      516.703
         348      4.77588
         349     0.749384
         350    0.0245919
         351     0.790424
         352      23.3592
         353     0.300609
         354       1.1714
         355       1.3535
         356      1.50642
         357      2.78125
         358     0.488161
         359      5.99751
         360      45.1686
         361      6.64914
         362    0.0471945
         363      2.47654
         364      4.89452
         365      1.30176
         366      46.0266
         367     0.179189
         368       1.3569
         369      10.9394
         370      5.72471
         371      1288.79
         372      7.00747
         373      27.6736
         374      4.99472
         375      2.80383
         376      4.36561
         377       8.8776
         378      435.728
         379      3.63663
         380      25.8396
         381      7.19886
         382      89.3852
         383      38.5924
         384      6.45642
         385       377.47
         386     0.429367
         387      166.929
         388     0.380033
         389      10.1465
         390    0.0950181
         391      1.74936
         392      3.75607
         393      3.02829
         394      24.3087
         395       2.2549
         396      292.897
         397     0.608301
         398     0.576777
         399      2.50974
         400      6.98326
         401      283.512
         402      19.5624
         403      1.39342
         404      2.72123
         405      9.46302
         406      1.30557
         407      17.7351
         408     0.941557
         409     0.863473
         410      2.23716
         411      1.24533
         412       3.0464
         413      4.88145
         414     0.483107
         415      714.478
         416      1.15097
         417      13.9975
         418      0.25311
         419       504.62
         420      4.06904
         421      4.14171
         422      6.63152
         423     0.364573
         424      25.5949
         425        8.061
         426    0.0922511
         427      13.6078
         428       128.75
         429    0.0871222
         430      2.74896
         431      351.261
         432      3538.84
         433      2.46288
         434      7.64421
         435      4.64484
         436       18.948
         437      21.2964
         438       1.2672
         439      0.34895
         440     0.106695
         441      1.13616
         442     0.812001
         443      3.94454
         444      1.87625
         445      2.68645
         446      2.38036
         447      2.94317
         448      5.53462
         449      1759.48
         450      3540.58
         451       2494.4
         452      7.91644
         453      1.67082
         454      32.8568
         455      5.68691
         456      2.88767
         457      3104.36
         458      11.2086
         459     0.107472
         460      2524.24
         461      2.42174
         462     0.610303
         463     0.032454
         464       17.947
         465     0.248417
         466      1.99574
         467       12.428
         468     0.209269
         469      1.24623
         470      7.28595
         471      9.62963
         472     0.690387
         473      10.6642
         474     0.173922
         475      1350.63
         476      2.82478
         477      7.51649
         478      2.40674
         479      6096.42
         480      6.33681
         481      4.09192
         482        14209
         483      19.0468
         484      6.20009
         485      1.08917
         486      2.13232
         487      2.25696
         488       2.1683
         489      6.12861
         490      80.9772
         491     0.361711
         492      18.7319
         493     0.721489
         494      2130.09
         495      2536.41
         496      16.1432
         497      41.1007
         498      2.85807
         499     0.162248
         500      8.99201
         501      22.0513
         502       2.3684
         503      3.66204
         504       2.8454
         505      469.358
         506      40.0617
         507     0.792194
         508      1.59101
         509     0.721998
         510   0.00381697
         511      4.35656
         512     0.401875
         513      837.213
         514      1.09584
         515      2.48983
         516     0.440984
         517      3.63747
         518     0.194451
         519     0.778176
         520      10.4445
         521      2.55151
         522      0.36759
         523     0.886266
         524      633.417
         525       2.4519
         526     0.161226
         527      5.56879
         528     0.504401
         529      1.37928
         530      3.11537
         531      1.22219
         532     0.954676
         533      934.063
         534      2.91742
         535      133.202
         536      1.91631
         537       4.9309
         538       6.6619
         539      1.14516
         540      3.15101
         541      7.81647
         542      6.85272
         543     0.326792
         544      62.4446
         545       11.172
         546       2.1703
         547      26.1473
         548      0.78937
         549      1.05947
         550      5.12047
         551        1.218
         552      1.62677
         553      7.41607
         554      2.87673
         555      1.57483
         556      3.20773
         557       1846.1
         558      1782.56
         559      7.35965
         560      10.5859
         561      1790.56
         562       6.3763
         563      10.2264
         564      2.34149
         565      21.4021
         566      4.67775
         567      1.46169
         568      5.62421
         569     0.361867
         570      30.2511
         571      4.81285
         572      1.07552
         573      3.41438
         574     0.772327
         575      1.30598
         576       2.0797
         577     0.665814
         578     0.159837
         579       12.626
         580      6.89364
         581      25.3952
         582      0.52835
         583      6.87318
         584      2318.53
         585     0.123327
         586      8.68502
         587      106.543
         588      3.14065
         589      3.06922
         590       4.9799
         591     0.910906
         592      4.52331
         593     0.123448
         594      253.457
         595     0.948181
         596    0.0539428
         597      4.81295
         598       19.841
         599      4.97791
         600      1.59708
         601      4.14144
         602      7.45754
         603       1.0526
         604      2.89499
         605     0.217567
         606     0.602602
         607       59.684
         608      1.43359
         609      34.7443
         610      14.1462
         611      26.3273
         612     0.795575
         613     0.403193
         614      1.11832
         615     0.054967
         616      9.80724
         617      2.68878
         618     0.138127
         619      37.1693
         620       2.4957
         621    0.0481426
         622      3520.21
         623      2.46881
         624      6.65594
         625      0.28387
         626     0.425936
         627      6.42753
         628      5.79423
         629      51.0501
         630      59.9823
         631      13.0549
         632      42.5558
         633      101.614
         634      54.2859
         635     0.588322
         636     0.466325
         637    0.0810085
         638     0.187289
         639       9.9834
         640      2.92973
         641      1.50613
         642     0.850598
         643       2.0945
         644    0.0558689
         645      1.37358
         646      3003.86
         647      4.85448
         648      2.03199
         649      1.48705
         650      22.3524
         651      383.777
         652      51.9633
         653       2.9592
         654      2.39651
         655      1.69695
         656      4438.95
         657     0.213396
         658      3.41467
         659      2.35291
         660      4.31076
         661      2.81648
         662      195.735
         663      5.49556
         664       4.3159
         665      4.58749
         666      1.25632
         667      5.83375
         668      1.65818
         669      3.48744
         670      3.11456
         671     0.188319
         672      1.01833
         673      1675.78
         674      1.42198
         675      3.94395
         676      42.1247
         677      354.376
         678      10.8412
         679      2.15498
         680      0.27038
         681    0.0884665
         682       2.4263
         683     0.637345
         684      8.19004
         685      2422.27
         686      3.25318
         687      3.55001
         688      9.04651
         689      1.34282
         690      89.1954
         691     0.139991
         692    0.0259585
         693      3.30419
         694      0.95273
         695      9628.66
         696    0.0319782
         697      1.68414
         698      6.02373
         699       57.605
         700      2.91467
         701      2.82684
         702      99.4128
         703      1.43683
         704      0.78667
         705      6221.46
         706     0.213649
         707       23.808
         708      5.34573
         709      3.58853
         710      17.5795
         711      1.23247
         712     0.343729
         713      8.66663
         714      1.37989
         715     0.871179
         716     0.389706
         717      8005.87
         718      3.46125
         719     0.657196
         720      8.46818
         721      17.5841
         722      146.014
         723     0.155277
         724      285.864
         725      2.58975
         726      11.0779
         727      44.9925
         728      2.87218
         729       1.7213
         730     0.171364
         731      69.2788
         732      0.50687
         733      4.46374
         734      6.82431
         735      10.7334
         736     0.788145
         737     0.281672
         738      74.5735
         739      34.9542
         740      36.9546
         741      2.17613
         742      1.62413
         743    0.0771438
         744      8.56561
         745      252.941
         746      142.768
         747      3.35438
         748     0.439157
         749      3.97018
         750      747.002
         751      21.3288
         752     0.163909
         753     0.139077
         754      96.7279
         755      1.09663
         756      615.711
         757     0.108797
         758      2.83375
         759     0.256689
         760      1.04494
         761    0.0439267
         762      3.77623
         763      355.517
         764       2.6921
         765       16.655
         766      0.39667
         767     0.465041
         768     0.020839
         769     0.972251
         770      101.042
         771       18.519
         772      3.88711
         773      4.35384
         774      5.05113
         775      3.19928
         776     0.164343
         777      1.48719
         778     0.288188
         779     0.676659
         780     0.851632
         781    0.0877866
         782     0.389933
         783      1.74926
         784       7.7515
         785     0.241595
         786      5.85496
         787      21.3474
         788    0.0259875
         789      4.31936
         790      2.59798
         791      3.22485
         792     0.270416
         793      89.8941
         794     0.328567
         795      21.7938
         796       1219.4
         797      1.39203
         798      280.104
         799      19.1007
         800      2.75044
         801      25.0314
         802      9.80578
         803      10.1982
         804      36.2297
         805     0.654052
         806        447.8
         807     0.331756
         808      3.00547
         809      3.58428
         810      4.15348
         811     0.526861
         812      1.93077
         813     0.695803
         814      0.43944
         815       1.0217
         816      1016.23
         817      1.22471
         818      11.5258
         819     0.339287
         820      1.43396
         821      2.07387
         822      228.534
         823    0.0841632
         824      2.70714
         825    0.0804972
         826      1.85594
         827      218.275
         828      139.373
         829     0.908023
         830      5.90765
         831       14.396
         832    0.0298065
         833       0.3977
         834      1.75911
         835      2.10955
         836     0.525924
         837      3.06214
         838      1.30649
         839       4.2648
         840       5936.6
         841     0.367128
         842     0.326532
         843      3.13092
         844     0.151578
         845         4506
         846    0.0168341
         847     0.217678
         848     0.447078
         849      1195.69
         850     0.350963
         851      71.4578
         852      11.8364
         853    0.0774019
         854       36.759
         855     0.185487
         856     0.173537
         857      481.874
         858      784.075
         859      24.5794
         860     0.232933
         861      546.964
         862      1.49995
         863      262.727
         864      7.89053
         865       1.8585
         866     0.221126
         867    0.0938281
         868     0.893507
         869     0.117288
         870      55.9274
         871      405.838
         872    0.0937078
         873     0.565013
         874      6.21598
         875     0.410039
         876    0.0245213
         877     0.184737
         878      347.355
         879     0.119617
         880    0.0479728
         881     0.479357
         882   0.00357689
         883      10.7721
         884      167.997
         885      302.083
         886    0.0164197
         887    0.0303233
         888     0.409003
         889   0.00967771
         890      31.8993
         891   0.00413707
         892     0.171488
         893     0.101215
         894   0.00526366
         895      8.16936
         896      915.268
         897      0.20326
         898     0.167626
         899      6.81731
         900      39.2034
         901      1.23349
         902      1.89803
         903     0.215305
         904      4.44306
         905     0.953068
         906      2.64243
         907      1.26991
         908      2.12387
         909      10.7047
         910    0.0284129
         911    0.0310688
         912      11.2387
         913      2094.65
         914      0.53954
         915     0.229079
         916     0.131175
         917     0.105013
         918     0.942281
         919       23.378
         920      13.7987
         921      3.88201
         922     0.452518
         923      2.00396
         924      6.01644
         925    0.0863167
         926     0.106469
         927       1.0342
         928       4.4358
         929      6.03485
         930    0.0867335
         931      4.92425
         932     0.257501
         933      1.11038
         934     0.480463
         935     0.537693
         936      2.44373
         937     0.103385
         938     0.218562
         939     0.382237
         940     0.066774
         941     0.642658
         942     0.412663
         943      8.64194
         944      1.38516
         945      1.11038
         946      1544.29
         947     0.953891
         948     0.190272
         949     0.575868
         950     0.833726
         951      2.26541
         952     0.253471
         953      7.26998
         954      3.01304
         955      493.786
         956      3.64645
         957      1.65291
         958    0.0357299
         959     0.769095
         960      3.43878
         961     0.708309
         962      1.12149
         963     0.675422
         964      1.16672
         965      4.35847
         966      1.92345
         967      0.55206
         968      825.898
         969      2.46131
         970     0.259657
         971       478.22
         972     0.747226
         973      3.31087
         974     0.890981
         975      0.16428
         976      1.35758
         977      1.26394
         978      1.86379
         979      3.63623
         980     0.450103
         981     0.830539
         982      0.35727
         983      621.459
         984     0.290067
         985      2.08792
         986     0.433013
         987      2.95816
         988      647.897
         989  0.000911784
         990     0.882294
         991      331.727
         992     0.342292
         993      3.71517
         994     0.545722
         995     0.321972
         996      53.6674
         997      63.8036
         998       2.4804
         999      1.27857
        1000      5.31998
        1001     0.159958
        1002     0.239679
        1003      631.161
        1004     0.226508
        1005    0.0163203
        1006     0.241196
        1007      0.10392
        1008      2.44396
        1009     0.754494
        1010     0.033219
        1011      41.2853
        1012      0.34673
        1013    0.0461532
        1014   0.00265589
        1015      3.86422
        1016     0.181632
        1017       26.027
        1018       758.32
        1019       8.7359
        1020      0.24952
        1021     0.503728
        1022    0.0979383
        1023      7.11939
        1024      6.81618
        1025    0.0562594
        1026    0.0651968
        1027      24.8155
        1028       0.2859
        1029      17.3459
        1030      1.79376
        1031      0.40917
        1032      11.1883
        1033     0.404713
        1034      5.96769
        1035      14.3029
        1036      1.96243
        1037      1.14553
        1038      1179.06
        1039      179.269
        1040     0.475279
        1041     0.564111
        1042     0.416599
        1043      1.73938
        1044      965.475
        1045     0.209625
        1046      1.18961
        1047     0.549311
        1048     0.216042
        1049      377.017
        1050     0.140536
        1051      1.91191
        1052      1961.05
        1053      276.157
        1054      680.061
        1055      0.46796
        1056       1.9969
        1057      14.6453
        1058      4.11456
        1059      793.561
        1060     0.114323
        1061       6.7459
        1062     0.442336
        1063      591.661
        1064      743.035
        1065      3074.11
        1066      1.20017
        1067      11.4067
        1068      5.67242
        1069      3.14153
        1070     0.981482
        1071      1.63597
        1072      17.6303
        1073      4.98119
        1074      14.7219
        1075       1.1834
        1076     0.486507
        1077     0.560148
        1078      1.73552
        1079      2.98869
        1080     0.510629
        1081     0.904118
        1082      5.70195
        1083     0.189368
        1084     0.779056
        1085     0.614729
        1086      1.39645
        1087      1.05269
        1088       0.7389
        1089    0.0423221
        1090      6.41214
        1091      1.20619
        1092       4.6197
        1093       1.3844
        1094      2.47515
        1095      0.27318
        1096     0.421509
        1097      0.27752
        1098     0.172611
        1099     0.416275
        1100      11.3468
        1101      4.82117
        1102     0.523946
        1103      3.65106
        1104     0.148252
        1105      5.18609
        1106     0.115735
        1107   0.00721909
        1108      2.31337
        1109      1.73685
        1110      2.01658
        1111      1.28967
        1112     0.102165
        1113     0.222046
        1114     0.188706
        1115     0.495501
        1116      2.49246
        1117    0.0847318
        1118   0.00564275
        1119      1.77503
        1120     0.283631
        1121      2.94851
        1122      7.79351
        1123       3.2595
        1124     0.204996
        1125      0.10936
        1126     0.128233
        1127     0.784595
        1128      5.28559
        1129      1.86149
        1130    0.0346471
        1131      7.14664
        1132   0.00422842
        1133      1.96413
        1134     0.603503
        1135      3.21436
        1136      4.07054
