           1     0.149721
           2      1.38846
           3     0.266257
           4      2.42006
           5      9.49514
           6      17.5032
           7      2.98696
           8     0.494175
           9      1.88591
          10      6.06324
          11      2.09772
          12     0.371731
          13     0.457162
          14       1.2291
          15       1.5561
          16      1.25648
          17      7.63809
          18     0.882899
          19     0.192309
          20     0.698871
          21     0.781204
          22      6.77865
          23      20.3757
          24     0.067472
          25       3.0734
          26      13.2901
          27      137.096
          28      45.9214
          29      1.39899
          30     0.397724
          31     0.180395
          32      2.76142
          33      20.6602
          34      14.0591
          35     0.393097
          36     0.271442
          37       17.926
          38     0.400563
          39      5.13619
          40       1.7894
          41      6.29612
          42     0.270149
          43      1.72167
          44      13.4637
          45      1.58221
          46      2.38788
          47    0.0625873
          48      1.29192
          49      22.2557
          50      4.78179
          51      8.54103
          52    0.0133119
          53      7.39192
          54     0.204399
          55       1.3215
          56      2.25727
          57       7.3328
          58      2.87007
          59      4.67486
          60    0.0598266
          61     0.398984
          62       2.6251
          63     0.568419
          64   0.00956282
          65       2.8779
          66      9.62768
          67      1.75175
          68      7.56414
          69     0.200221
          70       2.7518
          71      1.96511
          72      14.1666
          73      26.4452
          74     0.173688
          75      2.80251
          76      7.75134
          77   0.00206745
          78      7.06034
          79    0.0903657
          80      10.1317
          81      2.69118
          82      1.67626
          83      3.19772
          84     0.802957
          85      1.20114
          86     0.321882
          87     0.471502
          88      5.34437
          89       1.5418
          90      12.8725
          91      1.05823
          92      7.88453
          93      57.6686
          94      2.99014
          95      2.31744
          96      5.94914
          97      16.4497
          98      29.8243
          99      3.51793
         100      6.97237
         101     0.206115
         102      1.70085
         103       2.7953
         104      40.7957
         105      18.5187
         106      1.72341
         107     0.485039
         108      10.8982
         109      23.9368
         110   0.00331339
         111      2.30043
         112      2.41723
         113      2.18999
         114     0.812564
         115      5.69737
         116       4.3274
         117      8.74358
         118      3.41131
         119      1.14161
         120      49.5969
         121     0.804504
         122      19.8246
         123     0.533212
         124    0.0403319
         125      1.64105
         126      424.304
         127      1.95125
         128      12.7737
         129     0.294233
         130      12.6119
         131     0.265811
         132      2.61223
         133      3.89011
         134       4.8293
         135      29.1862
         136      2.56649
         137      3.13636
         138      5.82964
         139      1.51929
         140      1.23133
         141      0.58077
         142      15.8015
         143     0.580442
         144     0.338354
         145      2.61034
         146     0.582406
         147      5.13643
         148      1.62647
         149      4.59401
         150      1.99071
         151      15.8993
         152      1.85015
         153     0.972262
         154      6.60934
         155       109.85
         156      11.5768
         157     0.479841
         158    0.0754927
         159      3.24919
         160      1.00307
         161      9.45158
         162      2.20913
         163     0.649203
         164      11.3631
         165      3.17803
         166     0.665155
         167      3.17138
         168    0.0132869
         169      36.4167
         170      25.8971
         171      3.15307
         172      31.4247
         173      8.94025
         174      21.3365
         175      1.20035
         176      2.18903
         177     0.159399
         178      16.0759
         179     0.127252
         180      2.55105
         181      24.0215
         182       1.2703
         183      2.75031
         184    0.0365552
         185      20.0824
         186      17.4196
         187      25.9224
         188       1.1143
         189      10.4425
         190     0.365231
         191      5.20723
         192     0.977315
         193      40.4587
         194      3.24711
         195      1.92068
         196      66.5135
         197      23.5591
         198     0.333253
         199      14.3284
         200      10.2466
         201      4.83743
         202     0.216689
         203      41.5536
         204      38.0061
         205      7.78306
         206      254.108
         207     0.231001
         208      1.03541
         209      2.63691
         210      229.638
         211      2.01405
         212     0.604858
         213      773.021
         214      69.3979
         215     0.355714
         216      4.85164
         217     0.169417
         218      7.76603
         219      7.82355
         220      32.2625
         221      3.43293
         222      62.2634
         223      13.7341
         224       1.9595
         225      11.1747
         226      85.7037
         227      4.46023
         228      26.1679
         229    0.0965882
         230      11.9337
         231      0.14284
         232      65.7305
         233       2.7076
         234      4.40342
         235      1.78828
         236      9.77839
         237     0.268804
         238      1.34114
         239      2.25352
         240       5.1033
         241       187.42
         242      4.14714
         243      5.92864
         244     0.199849
         245       13.018
         246      6.01825
         247     0.295493
         248        104.2
         249      275.039
         250      30.1488
         251      2.86781
         252      7.23093
         253      6.92248
         254      7.37453
         255      1.01224
         256      1.98386
         257      4.40613
         258      0.36441
         259      100.034
         260      8.03726
         261      84.6065
         262     0.880893
         263    0.0978909
         264       4.0019
         265      2.41465
         266   0.00762816
         267      0.92935
         268      226.281
         269     0.888288
         270      7.59563
         271    0.0396424
         272    0.0346367
         273      75.1747
         274      4.16043
         275     0.606329
         276     0.604977
         277      1.83778
         278    0.0939759
         279      1.61293
         280     0.241547
         281       76.405
         282     0.755571
         283     0.443663
         284      15.8417
         285     0.694988
         286      89.9161
         287    0.0124852
         288     0.614614
         289     0.624148
         290      1.78701
         291       11.879
         292    0.0787986
         293      9.28366
         294     0.732797
         295      2.87028
         296      3.05968
         297       3.1076
         298     0.856621
         299      159.916
         300     0.380145
         301      5.50298
         302      3.04944
         303     0.169049
         304     0.394834
         305      0.22363
         306     0.155138
         307      7.17322
         308      2.65139
         309     0.365866
         310      108.557
         311      0.86435
         312       4.0343
         313     0.295418
         314     0.447078
         315     0.379059
         316     0.564879
         317      161.135
         318       13.989
         319      31.6612
         320     0.152251
         321      43.5643
         322      3.46372
         323     0.842413
         324      1.46925
         325     0.225249
         326      1.75883
         327     0.763114
         328    0.0482932
         329      1.05202
         330      11.3819
         331     0.863124
         332     0.806211
         333      212.883
         334      11.7628
         335     0.187586
         336      3.00666
         337      5.01757
         338     0.774701
         339      75.2687
         340     0.538185
         341      66.1272
         342      0.17057
         343      6.83917
         344      1.27711
         345      96.4191
         346     0.628633
         347      157.242
         348     0.621548
         349     0.190096
         350    0.0150459
         351     0.366944
         352       10.267
         353     0.158264
         354     0.582139
         355     0.612118
         356      0.60227
         357     0.929652
         358    0.0122689
         359       1.3356
         360      19.6543
         361       3.2723
         362    0.0306026
         363       1.2702
         364     0.965504
         365     0.658138
         366      16.5572
         367    0.0671227
         368      0.36366
         369      3.36511
         370      1.91943
         371      392.937
         372      3.07624
         373      10.3378
         374      1.19864
         375    0.0419634
         376     0.642106
         377      3.26651
         378      136.509
         379      1.81426
         380      9.93377
         381      2.75135
         382      28.0404
         383      15.2906
         384      2.36928
         385      120.316
         386     0.226364
         387      53.2507
         388     0.195957
         389      4.11015
         390    0.0520533
         391      1.05478
         392      2.26136
         393       1.9637
         394      3.36016
         395     0.573504
         396      93.5549
         397     0.325997
         398     0.394379
         399     0.966829
         400      1.13843
         401      91.0046
         402       12.184
         403     0.513623
         404      1.65527
         405      3.34725
         406     0.225684
         407      4.27519
         408     0.206659
         409     0.206679
         410      1.43452
         411     0.946083
         412     0.728739
         413      2.26108
         414     0.202325
         415      231.878
         416     0.586249
         417       8.3942
         418     0.173252
         419      163.894
         420      2.11941
         421      2.00523
         422      4.45249
         423      0.20249
         424      4.29134
         425      1.90204
         426    0.0278813
         427      7.04698
         428      41.8549
         429    0.0221366
         430      1.31869
         431       114.75
         432      1156.53
         433      1.32061
         434      4.44979
         435      3.10807
         436      3.56526
         437      9.42735
         438     0.663418
         439     0.197757
         440    0.0639329
         441     0.487972
         442     0.259532
         443      1.97777
         444      1.01127
         445      1.67313
         446      1.58879
         447      1.83774
         448     0.854279
         449      577.876
         450      1165.16
         451      821.422
         452      4.74377
         453      1.13441
         454      6.88943
         455      1.38112
         456     0.699077
         457      1030.83
         458      5.89701
         459    0.0252932
         460      843.023
         461     0.609786
         462     0.144632
         463    0.0307981
         464      11.7215
         465     0.157948
         466      1.22447
         467      2.85759
         468     0.090941
         469     0.327976
         470      3.69543
         471      4.03759
         472      0.43044
         473      6.40816
         474     0.177436
         475      452.318
         476      1.64745
         477      4.53612
         478      1.80028
         479      2042.99
         480      3.87119
         481      2.47135
         482      4771.96
         483      12.3513
         484      4.05298
         485     0.326731
         486      1.17612
         487      1.78898
         488      1.52582
         489      4.04018
         490      21.1626
         491     0.114408
         492       11.409
         493      0.53992
         494      736.144
         495      877.846
         496      10.2197
         497      27.6331
         498      1.18896
         499    0.0881066
         500      2.10586
         501      8.14757
         502     0.982066
         503      2.37665
         504      1.98037
         505      166.946
         506       11.006
         507     0.278199
         508     0.577943
         509     0.208777
         510   0.00336396
         511       2.0051
         512     0.180154
         513      298.128
         514     0.259188
         515     0.829095
         516     0.237057
         517      2.56363
         518     0.183518
         519     0.276372
         520      3.88557
         521      1.24645
         522     0.197094
         523     0.400787
         524      225.681
         525      1.81414
         526     0.189217
         527      2.44347
         528     0.457824
         529     0.990449
         530      1.71109
         531     0.895264
         532     0.560655
         533      333.086
         534      1.80084
         535      47.5822
         536      1.33284
         537      4.10061
         538      3.07097
         539     0.563364
         540     0.584483
         541      2.89108
         542      4.81685
         543     0.177598
         544      18.0242
         545      5.42557
         546     0.765181
         547      12.3549
         548     0.535874
         549     0.947099
         550      3.93466
         551     0.647791
         552     0.637813
         553        6.719
         554      2.25677
         555      1.25669
         556      1.13711
         557      660.303
         558      638.409
         559       2.8966
         560       4.9114
         561       646.15
         562      4.67003
         563      3.45458
         564     0.692437
         565      11.3971
         566      2.25495
         567     0.958276
         568      4.50131
         569     0.356143
         570      9.57325
         571      1.91077
         572     0.386073
         573      1.73982
         574     0.500136
         575      1.09243
         576     0.667882
         577     0.268399
         578     0.184576
         579      10.4945
         580      3.38385
         581      12.8351
         582     0.300551
         583      3.36332
         584      839.872
         585     0.138057
         586      7.36292
         587      35.3744
         588      1.22119
         589     0.828891
         590      3.24323
         591     0.369391
         592      1.88025
         593     0.016514
         594       92.068
         595     0.797544
         596    0.0270344
         597      4.00781
         598       6.7023
         599      2.04523
         600      1.39532
         601      3.51202
         602       6.3145
         603     0.535573
         604      1.32958
         605    0.0780307
         606     0.226666
         607      26.8406
         608      1.30617
         609      12.0827
         610      6.91156
         611      9.17325
         612     0.261522
         613     0.128698
         614      1.39484
         615    0.0413691
         616      3.43121
         617      1.19009
         618    0.0470451
         619      19.6429
         620      2.09973
         621    0.0727168
         622      1280.22
         623      2.65295
         624      5.90801
         625     0.323236
         626     0.221355
         627      6.20906
         628       5.2757
         629      18.1706
         630      21.6593
         631      4.72924
         632       19.651
         633      40.7747
         634      21.8337
         635     0.385642
         636     0.313785
         637    0.0484267
         638      0.17776
         639      5.06014
         640      1.26076
         641     0.725631
         642     0.478652
         643      1.96465
         644    0.0537781
         645      0.71248
         646      1096.97
         647      4.21711
         648      2.14694
         649     0.321474
         650      6.96345
         651       140.63
         652      44.2861
         653      1.31754
         654     0.949255
         655     0.892766
         656      1675.06
         657     0.180216
         658      2.45494
         659      2.57191
         660      4.01341
         661      1.23933
         662      80.9199
         663      1.94839
         664      1.26653
         665      4.24649
         666     0.917946
         667      5.51136
         668      1.58745
         669       3.2624
         670       3.0503
         671    0.0798952
         672     0.556811
         673      635.042
         674     0.679163
         675      1.36117
         676      17.4135
         677      145.602
         678      5.44445
         679      1.18497
         680      0.13632
         681    0.0660933
         682      0.69907
         683     0.543905
         684      7.92751
         685      920.108
         686        2.774
         687      2.08289
         688      9.68448
         689     0.411925
         690      37.3682
         691     0.122452
         692    0.0467917
         693      3.19227
         694      1.03663
         695      3681.02
         696    0.0240065
         697      1.54133
         698      5.95156
         699      19.8368
         700     0.999591
         701     0.541118
         702      41.6811
         703     0.817915
         704     0.547755
         705      2397.97
         706     0.193545
         707       9.9949
         708      1.64055
         709       1.3663
         710      6.62637
         711     0.923415
         712     0.324323
         713      8.50436
         714      1.01162
         715      1.04856
         716     0.164856
         717      3104.74
         718      3.34377
         719     0.828303
         720      8.92482
         721      17.6972
         722      61.5328
         723     0.067581
         724      111.712
         725      2.62614
         726      4.00294
         727      19.1296
         728      1.17099
         729      0.71261
         730     0.128353
         731      29.3968
         732     0.368416
         733      4.52972
         734      1.88347
         735      2.67429
         736     0.499182
         737     0.242488
         738      31.4817
         739      14.7956
         740      15.7131
         741      1.30218
         742      1.98402
         743    0.0998901
         744      6.90441
         745      107.081
         746       60.614
         747      3.48441
         748     0.956524
         749     0.878633
         750      292.399
         751      21.8743
         752    0.0716689
         753    0.0641941
         754      41.3565
         755     0.696734
         756      247.359
         757    0.0536335
         758      5.04538
         759     0.121419
         760     0.642866
         761     0.158496
         762      5.53393
         763      143.008
         764      3.36746
         765      18.1356
         766     0.162822
         767     0.899692
         768    0.0309553
         769      1.22934
         770      43.3462
         771      17.1445
         772      3.75495
         773      4.88774
         774      5.68747
         775      3.52244
         776     0.104559
         777     0.615702
         778     0.296907
         779    0.0712205
         780     0.128058
         781    0.0609012
         782     0.486651
         783      1.21835
         784      8.58175
         785    0.0505073
         786       2.7308
         787      8.44742
         788    0.0190577
         789      4.77815
         790     0.560672
         791      1.04449
         792    0.0709919
         793       38.745
         794     0.393232
         795      24.1089
         796      492.214
         797      1.82655
         798      120.727
         799      17.5249
         800      1.41479
         801      10.8655
         802      4.30709
         803       4.5477
         804      15.6512
         805     0.653496
         806      181.089
         807     0.451976
         808      4.12717
         809      1.28013
         810      1.86991
         811     0.450022
         812     0.527042
         813     0.749626
         814     0.324522
         815     0.663789
         816      411.559
         817      1.78547
         818      12.9898
         819     0.169601
         820     0.745189
         821      2.92627
         822      92.7543
         823     0.205647
         824      3.75993
         825     0.156169
         826      1.05684
         827      94.8729
         828      60.6491
         829     0.637363
         830      2.92882
         831      16.6682
         832    0.0701345
         833      0.19026
         834     0.762201
         835      2.95037
         836     0.895472
         837      1.18161
         838     0.633726
         839      2.04967
         840      2595.99
         841     0.336238
         842     0.161416
         843      1.37519
         844    0.0736914
         845      1966.32
         846    0.0203224
         847      0.15352
         848     0.536303
         849      486.222
         850     0.429015
         851      31.2473
         852      5.17818
         853     0.030782
         854      16.0914
         855     0.253856
         856     0.663197
         857      211.316
         858       319.39
         859      29.0958
         860     0.453682
         861      230.142
         862      2.96917
         863      123.138
         864      3.27408
         865      2.55985
         866     0.370677
         867    0.0433227
         868     0.388992
         869    0.0779689
         870      33.3083
         871      171.189
         872      0.15396
         873     0.283934
         874      3.55243
         875     0.476934
         876    0.0390248
         877     0.209453
         878      163.543
         879     0.167817
         880    0.0529483
         881     0.688927
         882   0.00352651
         883      6.14963
         884      79.4181
         885      127.528
         886    0.0647393
         887    0.0387574
         888     0.762271
         889    0.0876866
         890      18.4744
         891   0.00619064
         892     0.311035
         893     0.182508
         894     0.031482
         895      3.92562
         896      395.976
         897     0.229035
         898      0.31892
         899      3.87411
         900      22.3409
         901      0.69378
         902      1.29385
         903     0.109843
         904      3.61554
         905      1.48393
         906      4.34664
         907      1.12834
         908      2.12997
         909      6.02865
         910    0.0407271
         911    0.0272188
         912      6.03009
         913      910.371
         914      1.00175
         915     0.176343
         916     0.102474
         917     0.110734
         918      1.53332
         919      13.7477
         920      7.27288
         921      2.25884
         922     0.422008
         923      0.93494
         924       2.7661
         925     0.102673
         926    0.0418352
         927      1.64369
         928      1.95415
         929      3.70752
         930    0.0951099
         931      4.34872
         932     0.411118
         933      1.64472
         934     0.623827
         935     0.281634
         936      1.11162
         937     0.032776
         938     0.293253
         939     0.535851
         940     0.131608
         941     0.299437
         942     0.332826
         943      4.61034
         944     0.665993
         945       0.8923
         946      674.029
         947         1.21
         948    0.0528106
         949     0.468259
         950      1.02497
         951      3.61438
         952     0.175976
         953      3.92378
         954      1.20749
         955      215.852
         956      5.55525
         957     0.845931
         958    0.0364824
         959     0.294793
         960      1.68428
         961      0.80978
         962      1.03089
         963     0.921307
         964     0.772541
         965      3.86819
         966      1.58944
         967     0.573461
         968      363.736
         969      1.85249
         970     0.176517
         971      210.898
         972      1.40641
         973      1.66459
         974     0.873254
         975    0.0785941
         976     0.847952
         977     0.392689
         978     0.899223
         979      2.82614
         980     0.513948
         981      1.03088
         982     0.232873
         983      274.446
         984     0.214213
         985      1.17796
         986     0.706073
         987      2.65218
         988       286.42
         989  0.000970754
         990     0.581777
         991       152.37
         992     0.725325
         993      2.01824
         994     0.281983
         995       0.3653
         996      48.4932
         997      58.4053
         998      1.24201
         999     0.633035
        1000      2.96228
        1001     0.107014
        1002      0.37651
        1003      290.114
        1004     0.761476
        1005    0.0417328
        1006     0.175507
        1007    0.0940657
        1008      1.37652
        1009     0.628147
        1010   0.00655654
        1011      37.1299
        1012     0.066122
        1013    0.0358762
        1014   0.00301896
        1015      2.58316
        1016     0.320718
        1017      22.9617
        1018      348.734
        1019      4.20387
        1020     0.676295
        1021      1.32054
        1022    0.0992569
        1023      5.57166
        1024      4.69009
        1025     0.051809
        1026     0.106324
        1027      21.6752
        1028      0.23447
        1029      14.8742
        1030      1.54141
        1031     0.421076
        1032      9.65233
        1033     0.326079
        1034       4.1751
        1035      12.2378
        1036      1.46166
        1037      1.05337
        1038      542.617
        1039      82.7697
        1040      1.10451
        1041     0.547416
        1042     0.641877
        1043      2.73848
        1044      446.761
        1045     0.333486
        1046      1.28972
        1047     0.731002
        1048     0.475507
        1049      177.647
        1050     0.164517
        1051      1.30649
        1052      922.638
        1053      130.159
        1054      321.554
        1055     0.528002
        1056      3.09622
        1057       14.004
        1058      5.16276
        1059      375.477
        1060     0.281506
        1061      5.04696
        1062     0.911811
        1063       280.39
        1064      353.256
        1065      1458.44
        1066      1.26659
        1067      11.0017
        1068      4.76666
        1069      2.26811
        1070     0.836618
        1071      2.81908
        1072       23.002
        1073      5.44402
        1074      14.4324
        1075     0.910061
        1076     0.450109
        1077     0.854402
        1078      1.82318
        1079      3.38004
        1080     0.239463
        1081     0.941839
        1082      7.50409
        1083     0.109969
        1084     0.663664
        1085      1.65411
        1086      2.71857
        1087      1.16669
        1088      1.35012
        1089    0.0565555
        1090      5.73991
        1091      1.46498
        1092      5.64259
        1093      2.33183
        1094      2.73967
        1095     0.495211
        1096     0.755536
        1097     0.419961
        1098     0.342515
        1099     0.556513
        1100       9.3354
        1101       4.9831
        1102     0.374944
        1103      4.37356
        1104     0.418993
        1105      4.50832
        1106     0.102666
        1107    0.0323621
        1108      1.81407
        1109      1.41889
        1110      2.04908
        1111      1.32494
        1112     0.105979
        1113     0.113119
        1114     0.518988
        1115     0.483907
        1116      2.98394
        1117     0.161297
        1118    0.0497628
        1119      2.00367
        1120     0.409281
        1121      2.69527
        1122      6.99296
        1123      3.20229
        1124     0.221868
        1125    0.0976609
        1126     0.152209
        1127      1.22508
        1128      4.98706
        1129      1.77973
        1130    0.0576041
        1131      6.95266
        1132   0.00416949
        1133      1.71618
        1134     0.438869
        1135      4.73154
        1136      4.56445
