           1      1.79956
           2       11.383
           3      2.94948
           4      12.4952
           5      93.4126
           6      141.012
           7      24.6656
           8      3.09203
           9      15.8382
          10      56.2168
          11      18.8622
          12      3.32241
          13      4.60018
          14      10.3717
          15      14.1006
          16      11.9831
          17      63.1232
          18      8.99142
          19      1.79602
          20      4.90373
          21      8.69473
          22      31.9387
          23      180.812
          24     0.508192
          25       27.299
          26      66.2509
          27      766.982
          28      307.107
          29      8.80396
          30      1.87362
          31       1.0135
          32      10.1688
          33       169.14
          34      47.7318
          35      5.06739
          36      3.08787
          37      131.358
          38      6.08277
          39       35.109
          40      12.1138
          41      29.6708
          42     0.656059
          43      9.08874
          44      44.5563
          45      9.12775
          46      14.4302
          47      3.99814
          48      7.36011
          49       155.79
          50      32.7459
          51      46.9631
          52      1.17799
          53       39.173
          54       2.9611
          55      13.5393
          56      19.0595
          57      46.9537
          58      18.4309
          59      30.1629
          60     0.757635
          61      2.27041
          62      17.1838
          63      3.95138
          64     0.187933
          65       19.092
          66       59.819
          67      10.0498
          68      37.1071
          69      2.43573
          70      12.2772
          71      9.48702
          72      94.1842
          73      182.457
          74      5.97487
          75       14.891
          76      53.3252
          77      2.22714
          78      41.7718
          79     0.518424
          80      70.4093
          81      11.9189
          82      7.32903
          83      13.5379
          84      3.65431
          85       11.681
          86      3.06495
          87      2.06024
          88      18.8875
          89      9.91379
          90      77.4015
          91      8.17994
          92      35.2805
          93      400.837
          94      12.3204
          95      9.85465
          96      22.7604
          97      55.0788
          98      204.526
          99      14.0245
         100      23.3408
         101     0.876513
         102       6.8857
         103      10.4526
         104      279.509
         105      96.4051
         106      4.15538
         107      1.62129
         108      56.4864
         109      151.275
         110     0.924843
         111      11.0266
         112      5.26295
         113      6.36702
         114      4.21181
         115      28.0508
         116      19.5989
         117      32.0698
         118      10.3249
         119      6.17951
         120      313.544
         121      2.89328
         122      124.547
         123      2.93592
         124       1.1329
         125      11.3029
         126      2663.48
         127      7.05545
         128      54.7644
         129      2.37857
         130      49.4096
         131     0.864329
         132      7.13634
         133      11.7083
         134      18.9764
         135      182.508
         136      9.60628
         137      12.2547
         138      15.9487
         139      4.98601
         140       4.5726
         141      1.84064
         142      69.6272
         143       2.5819
         144     0.952213
         145      12.1734
         146      2.43196
         147      18.3392
         148      4.30766
         149      18.3613
         150      7.60243
         151      69.3386
         152      8.71313
         153      4.57148
         154      24.3831
         155      678.513
         156      30.8745
         157      1.89292
         158     0.530582
         159       18.773
         160      3.67699
         161      54.6202
         162      5.48139
         163      1.89874
         164      36.6678
         165      7.81241
         166      1.68763
         167      6.10026
         168    0.0391607
         169      208.553
         170      145.913
         171      9.86124
         172      132.497
         173      20.3105
         174      119.696
         175      2.42606
         176      13.1028
         177     0.466323
         178      89.1115
         179     0.661327
         180      10.8579
         181       132.94
         182      2.69873
         183      5.55628
         184     0.142988
         185      110.685
         186      51.3813
         187      142.846
         188      2.64969
         189      57.3733
         190     0.946401
         191      13.0133
         192      3.55631
         193      158.738
         194      7.59786
         195      8.52597
         196      351.766
         197      124.024
         198     0.746498
         199      55.1646
         200      29.0509
         201       16.011
         202     0.484394
         203      218.399
         204      199.431
         205      15.9273
         206      1315.27
         207     0.675103
         208      1.63739
         209      10.9383
         210      1147.47
         211      5.03604
         212     0.808716
         213      3834.47
         214       340.72
         215     0.822613
         216      23.7872
         217     0.251749
         218      38.0323
         219      20.3797
         220      156.005
         221      6.57716
         222      212.399
         223      30.8256
         224      4.82332
         225      23.3907
         226      411.468
         227      8.62111
         228      124.451
         229     0.197401
         230      39.6598
         231     0.564283
         232      311.827
         233       6.9176
         234      9.03887
         235      4.72744
         236      20.1892
         237     0.496381
         238      2.04344
         239      5.57353
         240      11.0955
         241       880.77
         242       9.2367
         243      13.2199
         244      1.54986
         245      31.7987
         246       14.373
         247      1.32626
         248      472.216
         249      1245.19
         250      136.078
         251      6.77992
         252      19.3156
         253      15.0135
         254       14.541
         255      3.52479
         256      6.14913
         257      9.31182
         258     0.753678
         259      450.722
         260      36.0273
         261       277.35
         262      2.79476
         263      0.29526
         264      9.24463
         265      3.83833
         266   0.00755227
         267      2.00896
         268      925.402
         269      3.00739
         270      23.9775
         271    0.0333218
         272    0.0275423
         273       307.35
         274      9.63443
         275     0.962207
         276      1.39733
         277         3.11
         278     0.187299
         279      2.48176
         280     0.758636
         281      306.706
         282      1.35761
         283     0.324749
         284       33.079
         285      2.05535
         286      360.485
         287     0.250704
         288      1.47173
         289      1.03478
         290      3.69714
         291      24.9473
         292     0.141719
         293      19.3328
         294      1.49523
         295      5.09937
         296      11.6469
         297      4.58414
         298      2.49922
         299      640.239
         300      1.26663
         301      12.3953
         302      6.19413
         303     0.838827
         304     0.967799
         305      1.09428
         306     0.922378
         307      14.8805
         308      6.13261
         309     0.945761
         310      433.905
         311      2.04026
         312      8.43796
         313     0.658602
         314      1.06309
         315      0.63874
         316      1.33252
         317       642.32
         318      33.3353
         319      126.144
         320     0.120851
         321      173.503
         322      7.05982
         323      1.69727
         324      2.93143
         325       1.1912
         326      5.25011
         327      5.10533
         328     0.380754
         329      2.45442
         330      23.3815
         331      1.59967
         332      1.41457
         333      846.224
         334       24.749
         335     0.462041
         336      6.12217
         337      12.6295
         338       1.1723
         339      292.195
         340      1.30014
         341      256.611
         342     0.285851
         343      16.6907
         344      2.94476
         345      373.855
         346      1.12915
         347      608.556
         348       2.4587
         349     0.488356
         350    0.0240801
         351     0.556513
         352      20.7108
         353     0.274668
         354     0.913049
         355      1.03167
         356       1.3531
         357      2.46773
         358     0.473331
         359      3.85959
         360      39.2219
         361      5.64292
         362    0.0457685
         363      2.48367
         364      3.62999
         365      1.17203
         366      37.9127
         367     0.178004
         368      1.06742
         369      8.82195
         370       4.6827
         371      1516.89
         372      6.08263
         373      22.6296
         374      2.93004
         375      1.75638
         376      3.14589
         377      7.22302
         378      504.724
         379      2.78034
         380      20.9791
         381      5.80083
         382      103.489
         383      30.9001
         384      4.44273
         385      429.044
         386     0.195662
         387      189.725
         388     0.310353
         389      8.13095
         390    0.0923198
         391      1.59705
         392      3.32818
         393      2.54482
         394      17.9595
         395      2.30985
         396      332.818
         397     0.453198
         398     0.511284
         399      1.44968
         400      5.41319
         401      320.972
         402      17.7364
         403      1.08449
         404      2.37381
         405      8.30503
         406      1.25037
         407      14.9019
         408     0.501729
         409      0.58173
         410       1.8953
         411      1.04851
         412      2.03053
         413      3.34809
         414     0.319271
         415      807.138
         416      1.13644
         417      11.8798
         418     0.259195
         419      570.135
         420      3.79853
         421      2.99321
         422      5.78008
         423     0.371057
         424      19.6762
         425      6.07161
         426     0.086759
         427      11.0918
         428      145.456
         429     0.073023
         430       1.9475
         431      396.352
         432       3992.7
         433      2.52181
         434      6.58325
         435      4.19105
         436      14.1485
         437      17.7771
         438      1.05482
         439     0.209331
         440      0.10798
         441     0.483212
         442      0.73659
         443      3.44459
         444      1.31884
         445      2.44201
         446      2.11233
         447      2.53119
         448      5.11548
         449      1986.94
         450      4000.06
         451      2822.34
         452      6.67906
         453      1.49166
         454      24.8572
         455      5.03014
         456      2.53626
         457       3508.3
         458      9.55388
         459    0.0851025
         460      2850.81
         461       2.1726
         462     0.516398
         463    0.0283647
         464      15.8109
         465     0.251819
         466      1.22197
         467      10.4686
         468    0.0701872
         469      1.28248
         470      5.93113
         471       6.9128
         472     0.682695
         473      9.96372
         474     0.141637
         475      1525.69
         476      2.64801
         477      5.85486
         478      2.34313
         479      6890.64
         480      5.30927
         481      3.20946
         482      16096.5
         483      16.7184
         484       5.5964
         485     0.566782
         486      1.66281
         487      1.85043
         488      1.73271
         489      5.44065
         490       65.045
         491     0.185193
         492      16.6449
         493     0.629843
         494      2414.97
         495      2877.17
         496      14.5526
         497      37.6052
         498      2.43546
         499      0.15577
         500      6.77531
         501      18.7243
         502      2.13823
         503      2.83313
         504      2.32598
         505      529.592
         506      32.1537
         507     0.642974
         508      0.92387
         509     0.430973
         510   0.00336062
         511      3.78977
         512     0.356372
         513      944.308
         514      0.14888
         515      1.84141
         516     0.422204
         517      2.95003
         518      0.18621
         519     0.499188
         520      8.62889
         521      2.40047
         522     0.267346
         523      0.74179
         524      714.362
         525       2.1403
         526     0.126524
         527      4.35248
         528     0.458454
         529      1.12616
         530      2.65115
         531      1.00583
         532      0.55529
         533      1053.34
         534      2.86613
         535      150.246
         536      1.74645
         537      4.32792
         538      5.44038
         539      1.03728
         540      1.71592
         541      6.18419
         542      6.48747
         543     0.252732
         544      49.9734
         545      9.24851
         546      1.66138
         547      25.2127
         548     0.719219
         549      0.88805
         550      4.26503
         551      1.13981
         552      1.35241
         553      6.64176
         554      2.10134
         555        1.332
         556       2.4151
         557      2081.85
         558      2011.34
         559      6.03958
         560      8.79819
         561      2019.15
         562      5.50229
         563      7.68991
         564      1.48433
         565      18.7677
         566      3.69402
         567       0.8843
         568      4.68711
         569     0.383809
         570      24.2224
         571       3.7979
         572     0.363174
         573      2.91267
         574     0.871751
         575      1.35533
         576      1.11961
         577     0.538462
         578     0.211762
         579      10.9764
         580      5.40369
         581      21.4984
         582     0.479681
         583      5.47232
         584      2613.89
         585     0.159062
         586      7.67452
         587      84.3497
         588       2.1501
         589      1.83609
         590      4.11144
         591     0.484921
         592      3.13076
         593    0.0502513
         594      285.214
         595     0.859194
         596    0.0807284
         597      4.96002
         598      15.5852
         599      3.38462
         600       1.5508
         601      3.68729
         602      6.65789
         603     0.789364
         604      2.10987
         605       0.1899
         606     0.393355
         607      48.9948
         608      1.19738
         609      27.2446
         610      11.2845
         611      20.1672
         612     0.662427
         613     0.172293
         614      1.29611
         615    0.0680149
         616      7.52096
         617      1.79342
         618    0.0905649
         619      31.6412
         620      2.61305
         621    0.0451104
         622      3961.26
         623      2.54814
         624      7.30184
         625     0.310627
         626     0.396895
         627      6.34886
         628      4.98322
         629      39.0455
         630      45.6497
         631      9.89922
         632      34.6528
         633      79.0733
         634      41.9731
         635     0.538512
         636     0.420234
         637    0.0912263
         638     0.200477
         639       8.2169
         640      1.61822
         641      1.13353
         642     0.682505
         643      1.85886
         644    0.0358673
         645      1.19029
         646      3385.31
         647      4.97604
         648      1.80919
         649      1.32412
         650      17.3965
         651      432.877
         652      46.5537
         653      1.57034
         654      1.34869
         655      1.54312
         656      4984.86
         657     0.218365
         658      3.64878
         659      2.51425
         660      4.32186
         661      1.49813
         662      152.094
         663       3.8473
         664      3.19906
         665       5.1466
         666      1.26558
         667      6.00358
         668      1.67484
         669      3.05882
         670      2.98495
         671     0.159971
         672     0.767267
         673      1885.26
         674     0.980922
         675      1.94033
         676      32.7416
         677      273.787
         678      8.57216
         679      1.64968
         680      0.12941
         681     0.102258
         682      1.31214
         683     0.601718
         684      8.32624
         685      2726.27
         686      3.40148
         687      2.95764
         688      7.48522
         689     0.775491
         690      69.0603
         691     0.136544
         692    0.0194222
         693      3.35556
         694     0.981419
         695      10845.9
         696    0.0267315
         697      1.34442
         698      5.31128
         699      38.7478
         700       2.2997
         701      1.48289
         702       76.565
         703      1.16249
         704     0.510507
         705      7038.22
         706     0.189313
         707      18.3405
         708      3.38474
         709      2.48953
         710       13.653
         711      1.11994
         712     0.356902
         713      8.80861
         714     0.774947
         715     0.622341
         716     0.157632
         717      9081.92
         718      2.96214
         719     0.537757
         720      8.53797
         721       17.922
         722      112.462
         723     0.108904
         724      325.498
         725      2.07727
         726      6.05193
         727      34.5835
         728      2.26329
         729     0.674391
         730      0.15109
         731      53.3246
         732     0.403759
         733      3.81141
         734      4.45357
         735      7.23288
         736     0.783646
         737     0.196633
         738      57.4455
         739      26.9194
         740      28.4509
         741      1.65996
         742     0.983221
         743    0.0726203
         744      4.61883
         745      194.873
         746      109.817
         747      2.87697
         748     0.457033
         749      2.36286
         750      850.498
         751      21.9015
         752     0.155257
         753     0.014891
         754      74.4707
         755      0.99435
         756       700.17
         757    0.0487789
         758      2.86719
         759     0.186966
         760     0.825745
         761    0.0897012
         762      3.05409
         763      404.269
         764      2.38328
         765        14.16
         766     0.389169
         767     0.504137
         768   0.00967071
         769      0.68338
         770      77.8632
         771      17.1687
         772      2.93777
         773      3.70938
         774      4.29034
         775       2.7302
         776     0.147326
         777     0.927755
         778     0.321774
         779     0.276871
         780      0.41229
         781     0.112192
         782      0.28469
         783      2.06318
         784      6.54464
         785     0.100719
         786      3.62423
         787      13.3371
         788    0.0301021
         789      3.67084
         790       1.2593
         791      1.89271
         792     0.305221
         793      69.3057
         794      0.25179
         795      18.5749
         796      1386.79
         797      1.12595
         798      216.067
         799      17.3601
         800      2.15501
         801      15.8806
         802      6.56907
         803      6.83501
         804      27.9567
         805     0.546862
         806      509.599
         807     0.308096
         808      2.14652
         809      2.45362
         810      3.14557
         811     0.528988
         812      1.15191
         813      0.37192
         814     0.425208
         815     0.647551
         816      1156.86
         817     0.903643
         818      9.81314
         819     0.307878
         820      1.25302
         821      1.88868
         822      260.243
         823     0.112564
         824      2.27686
         825    0.0912008
         826      1.61872
         827      166.369
         828      106.341
         829      0.22272
         830      4.42811
         831      12.3657
         832    0.0328522
         833     0.302131
         834      1.31897
         835      1.88831
         836     0.522926
         837      2.28737
         838       1.0903
         839      3.20846
         840      4526.66
         841     0.285183
         842     0.190305
         843      2.33718
         844     0.153381
         845      3431.79
         846    0.0143324
         847     0.138658
         848     0.359432
         849       1361.9
         850     0.319015
         851      54.4769
         852      9.02323
         853    0.0766948
         854      28.0388
         855     0.127741
         856     0.161094
         857      367.522
         858      893.517
         859      21.4991
         860     0.176495
         861      621.088
         862      1.52176
         863      199.351
         864      3.79386
         865      1.11866
         866     0.173382
         867    0.0796882
         868     0.496627
         869      0.10996
         870      41.4224
         871       460.93
         872    0.0696981
         873     0.561288
         874      4.59906
         875     0.406009
         876    0.0128618
         877    0.0836414
         878      263.461
         879    0.0929166
         880     0.030469
         881     0.302725
         882   0.00226842
         883      7.95087
         884      127.558
         885       343.14
         886    0.0147292
         887    0.0213457
         888     0.295197
         889   0.00693874
         890      24.8232
         891   0.00249726
         892      0.12436
         893    0.0739394
         894   0.00520449
         895      5.02129
         896      969.789
         897     0.193849
         898     0.125282
         899      5.19854
         900      28.8651
         901     0.890591
         902      1.13974
         903     0.214888
         904      3.84596
         905     0.613589
         906      1.63452
         907      1.00446
         908      1.54926
         909      7.69742
         910    0.0224781
         911    0.0198976
         912      8.15396
         913      2218.31
         914     0.459088
         915     0.219132
         916       0.1205
         917    0.0363222
         918     0.603552
         919      17.0127
         920      10.1469
         921      3.18916
         922     0.225508
         923      1.57792
         924      4.53349
         925    0.0728616
         926     0.105256
         927     0.657765
         928      3.46505
         929      4.33655
         930    0.0620281
         931      3.89323
         932      0.17872
         933     0.692506
         934     0.287202
         935     0.474296
         936      1.96875
         937    0.0890676
         938     0.126617
         939     0.201872
         940    0.0302142
         941     0.513975
         942     0.340335
         943      7.12598
         944      1.13217
         945     0.905419
         946      1636.43
         947     0.620915
         948      0.11957
         949     0.488176
         950     0.691807
         951      1.46461
         952     0.125581
         953      4.99373
         954      2.69636
         955      523.445
         956      2.50219
         957       1.2076
         958    0.0375538
         959     0.415049
         960      2.43641
         961     0.439464
         962     0.596865
         963     0.359177
         964     0.854325
         965      3.22845
         966       1.5595
         967     0.155616
         968      874.731
         969      2.29281
         970     0.273541
         971      506.493
         972     0.695975
         973      2.58432
         974     0.528819
         975     0.141878
         976      1.33055
         977     0.952906
         978      1.67254
         979       3.2907
         980     0.256494
         981     0.530582
         982     0.386862
         983      658.304
         984     0.348252
         985      2.08628
         986     0.153469
         987      2.51717
         988      686.381
         989  0.000897479
         990     0.527295
         991      349.748
         992     0.317897
         993      3.41838
         994     0.555297
         995     0.227089
         996      49.0019
         997       58.229
         998      1.88179
         999      1.16556
        1000      4.89035
        1001    0.0900876
        1002     0.199258
        1003      665.483
        1004     0.180314
        1005   0.00962328
        1006     0.205453
        1007     0.095754
        1008       2.1943
        1009     0.848478
        1010    0.0500257
        1011      37.7474
        1012     0.212686
        1013    0.0479592
        1014   0.00184485
        1015      3.57185
        1016     0.216311
        1017       23.862
        1018      799.637
        1019      8.36769
        1020     0.293519
        1021     0.424348
        1022    0.0798177
        1023      6.83452
        1024      6.31378
        1025    0.0569156
        1026    0.0185913
        1027      22.7851
        1028     0.272445
        1029      15.9958
        1030      1.65277
        1031     0.239169
        1032      10.2861
        1033     0.413305
        1034      5.55384
        1035      13.1813
        1036      1.84849
        1037     0.981023
        1038      1243.54
        1039        189.1
        1040     0.444494
        1041     0.485516
        1042     0.351348
        1043      1.47827
        1044       1018.4
        1045     0.164699
        1046      1.07314
        1047     0.764087
        1048     0.191642
        1049       397.11
        1050     0.108158
        1051      1.52753
        1052      2064.31
        1053      290.905
        1054      716.447
        1055     0.405717
        1056      1.64039
        1057      13.3724
        1058      3.49632
        1059       836.16
        1060    0.0804168
        1061      6.72985
        1062     0.306871
        1063      623.483
        1064      783.794
        1065      3239.79
        1066      1.15999
        1067      10.3373
        1068      5.54355
        1069      2.71567
        1070     0.943123
        1071      1.77078
        1072      13.6127
        1073      2.97203
        1074      13.1934
        1075      1.15097
        1076      0.44907
        1077     0.621194
        1078      1.48897
        1079      2.65874
        1080     0.484973
        1081     0.776883
        1082      4.48007
        1083     0.253801
        1084     0.792457
        1085     0.602181
        1086     0.900406
        1087     0.961533
        1088     0.636638
        1089     0.041472
        1090      5.82491
        1091     0.730537
        1092      3.61832
        1093      1.51847
        1094      1.41716
        1095    0.0987449
        1096     0.341694
        1097     0.393357
        1098     0.156601
        1099     0.355155
        1100      11.0913
        1101      4.09714
        1102     0.534409
        1103      3.02445
        1104     0.158306
        1105      4.62326
        1106    0.0798855
        1107   0.00473049
        1108      2.15021
        1109       1.6089
        1110      1.80139
        1111      1.22377
        1112    0.0599495
        1113     0.176509
        1114     0.237109
        1115      0.47654
        1116      2.06412
        1117    0.0855647
        1118   0.00638927
        1119      1.44894
        1120     0.285298
        1121      2.64845
        1122      7.08008
        1123      2.56788
        1124     0.159286
        1125    0.0823843
        1126     0.137137
        1127     0.745855
        1128      3.71843
        1129      1.42337
        1130    0.0296227
        1131      6.43713
        1132   0.00412353
        1133      1.46375
        1134       0.3756
        1135      3.09449
        1136      3.62115
