           1  0.000550377
           2   0.00743253
           3  0.000805427
           4    0.0114534
           5    0.0582842
           6    0.0945796
           7     0.015594
           8  0.000349847
           9   0.00952775
          10    0.0326733
          11    0.0116693
          12    0.0021453
          13   0.00119788
          14    0.0060699
          15   0.00541498
          16   0.00566854
          17    0.0379566
          18   0.00264359
          19  0.000994494
          20    0.0051033
          21   0.00563927
          22    0.0225602
          23     0.101275
          24   0.00934696
          25    0.0163334
          26     0.046141
          27     0.111236
          28     0.061853
          29   0.00490211
          30  0.000362514
          31  0.000443194
          32   0.00373208
          33     0.106823
          34    0.0381769
          35    0.0072671
          36   0.00825583
          37     0.085604
          38    0.0159774
          39    0.0239502
          40   0.00804495
          41    0.0146583
          42   0.00250499
          43   0.00499404
          44    0.0539425
          45    0.0112091
          46   0.00377098
          47    0.0087433
          48   0.00357286
          49     0.118383
          50    0.0244165
          51    0.0310541
          52   0.00186501
          53    0.0240017
          54   0.00734419
          55   0.00976364
          56   0.00998089
          57    0.0324703
          58    0.0134632
          59    0.0234387
          60  0.000592036
          61   0.00613149
          62    0.0134247
          63   0.00392857
          64   0.00281357
          65    0.0156177
          66    0.0383018
          67   0.00637482
          68    0.0220545
          69    0.0027362
          70   0.00804443
          71   0.00470523
          72    0.0811113
          73     0.141857
          74   0.00377116
          75    0.0146741
          76    0.0426042
          77  0.000585343
          78    0.0253401
          79  0.000191321
          80    0.0560209
          81   0.00816069
          82   0.00439196
          83    0.0092898
          84   0.00279123
          85   0.00880362
          86   0.00387758
          87   0.00149747
          88    0.0169032
          89   0.00834467
          90    0.0428755
          91     0.012278
          92    0.0291693
          93     0.321942
          94   0.00543593
          95   0.00285235
          96    0.0166047
          97    0.0383955
          98     0.165854
          99    0.0225117
         100    0.0161736
         101   0.00177488
         102   0.00391744
         103   0.00738001
         104      0.22862
         105    0.0636961
         106    0.0103229
         107   0.00348495
         108    0.0438038
         109     0.117111
         110  0.000770078
         111   0.00975657
         112   0.00947492
         113   0.00358711
         114   0.00616601
         115     0.025565
         116    0.0185295
         117     0.017394
         118   0.00820042
         119    0.0106305
         120     0.243028
         121   0.00129084
         122     0.101065
         123   0.00124574
         124   0.00202264
         125    0.0188983
         126      2.15187
         127   0.00856818
         128    0.0464904
         129   0.00153941
         130    0.0343268
         131   0.00177887
         132    0.0112283
         133    0.0142413
         134     0.016097
         135     0.140627
         136     0.007155
         137    0.0092466
         138    0.0135817
         139    0.0036113
         140    0.0037574
         141  0.000953555
         142    0.0572416
         143   0.00146148
         144  0.000348545
         145     0.020519
         146   0.00469209
         147    0.0135602
         148   0.00343129
         149     0.041069
         150     0.018105
         151    0.0557618
         152     0.010241
         153   0.00867404
         154     0.012742
         155     0.531458
         156    0.0305436
         157    0.0261537
         158   0.00134154
         159    0.0147273
         160   0.00270189
         161    0.0438033
         162   0.00518789
         163   0.00280053
         164    0.0279596
         165   0.00858941
         166   0.00100362
         167   0.00750703
         168  8.96678e-05
         169     0.171514
         170     0.121877
         171     0.025246
         172     0.111554
         173    0.0189213
         174     0.100831
         175   0.00437675
         176    0.0406847
         177  0.000329941
         178    0.0756022
         179  0.000747128
         180    0.0233808
         181     0.112924
         182    0.0054091
         183    0.0037346
         184   0.00028905
         185    0.0942653
         186    0.0432226
         187      0.12167
         188   0.00794174
         189    0.0490603
         190    0.0032734
         191    0.0118857
         192    0.0019182
         193     0.133336
         194      0.01425
         195    0.0163494
         196     0.307277
         197     0.108104
         198   0.00589476
         199    0.0473445
         200     0.025085
         201    0.0253304
         202   0.00122397
         203     0.191341
         204     0.174561
         205    0.0277359
         206      1.15753
         207  0.000450712
         208   0.00338457
         209    0.0141078
         210      1.14765
         211   0.00505941
         212    0.0031117
         213      3.77534
         214     0.317956
         215  0.000993344
         216    0.0220944
         217  0.000996172
         218    0.0353827
         219     0.398498
         220     0.182744
         221     0.246799
         222     0.180859
         223     0.221487
         224   0.00851151
         225    0.0341733
         226     0.527532
         227     0.321166
         228     0.185148
         229  0.000275304
         230    0.0449907
         231    0.0667465
         232     0.463637
         233   0.00756105
         234   0.00713317
         235   0.00365674
         236    0.0291522
         237   0.00173477
         238   0.00859009
         239   0.00614696
         240    0.0218155
         241      1.30449
         242    0.0098568
         243    0.0130796
         244   0.00325455
         245    0.0335805
         246    0.0138025
         247  0.000974616
         248     0.698918
         249       1.8347
         250     0.197787
         251   0.00543976
         252    0.0354703
         253    0.0388687
         254    0.0656533
         255   0.00813126
         256     0.011876
         257    0.0381358
         258    0.0030608
         259      0.65397
         260    0.0521273
         261     0.395592
         262     0.401642
         263  0.000321792
         264   0.00971186
         265   0.00742098
         266  0.000304831
         267   0.00525218
         268      1.52815
         269   0.00432845
         270    0.0449609
         271   0.00117541
         272    0.0015647
         273     0.503083
         274     0.039413
         275   0.00736132
         276   0.00917223
         277    0.0131031
         278   0.00131386
         279    0.0107178
         280   0.00277638
         281     0.518155
         282     0.123058
         283    0.0270655
         284    0.0553032
         285   0.00581699
         286     0.631748
         287  0.000312829
         288   0.00395474
         289    0.0059146
         290    0.0076405
         291     0.154751
         292  0.000170537
         293    0.0281595
         294   0.00183969
         295   0.00769114
         296     0.023625
         297    0.0161704
         298    0.0125829
         299       1.1207
         300   0.00155873
         301    0.0214949
         302      0.01489
         303   0.00223232
         304   0.00326914
         305   0.00272173
         306   0.00239947
         307    0.0178321
         308   0.00600348
         309   0.00256067
         310     0.785613
         311    0.0742598
         312     0.020935
         313    0.0104829
         314   0.00228652
         315   0.00651746
         316   0.00779576
         317       1.2017
         318    0.0470612
         319     0.242694
         320   0.00133858
         321     0.333486
         322   0.00843344
         323   0.00163146
         324   0.00254798
         325   0.00276373
         326    0.0102801
         327    0.0115907
         328   0.00150572
         329   0.00545631
         330    0.0561089
         331   0.00410494
         332     0.211875
         333      1.62446
         334     0.142476
         335   0.00116805
         336    0.0145819
         337    0.0477656
         338   0.00528439
         339     0.586807
         340     0.002074
         341     0.514557
         342    0.0506698
         343    0.0375945
         344   0.00694486
         345     0.771546
         346    0.0596459
         347         1.29
         348    0.0106175
         349   0.00109876
         350  0.000198085
         351  0.000388406
         352    0.0199115
         353  0.000170806
         354   0.00134014
         355   0.00106973
         356    0.0046797
         357   0.00285977
         358  0.000549001
         359     0.013166
         360    0.0909121
         361   0.00978644
         362  5.09011e-05
         363  0.000965926
         364    0.0105653
         365   0.00164179
         366     0.050958
         367  0.000190316
         368   0.00263513
         369     0.018578
         370    0.0080445
         371      3.19184
         372    0.0136002
         373    0.0368934
         374     0.193481
         375   0.00218162
         376   0.00708983
         377    0.0284718
         378      1.04866
         379   0.00817638
         380     0.069326
         381     0.019026
         382     0.214107
         383    0.0989191
         384   0.00911526
         385      0.92961
         386   0.00362761
         387     0.409962
         388  0.000523022
         389    0.0136874
         390  6.90815e-05
         391    0.0515551
         392   0.00453832
         393   0.00263623
         394    0.0319428
         395   0.00191516
         396     0.717746
         397  0.000412168
         398  0.000333692
         399   0.00563797
         400   0.00860923
         401     0.692018
         402    0.0218197
         403   0.00379622
         404   0.00293636
         405    0.0158764
         406   0.00288739
         407    0.0225514
         408   0.00118908
         409   0.00104446
         410   0.00174515
         411  0.000645235
         412   0.00560923
         413    0.0101843
         414   0.00103496
         415      1.78069
         416    0.0196063
         417     0.127096
         418  0.000144767
         419      1.26795
         420    0.0562879
         421     0.197815
         422   0.00545173
         423    0.0203347
         424    0.0378097
         425    0.0140129
         426  0.000123781
         427    0.0221124
         428     0.322134
         429  0.000122425
         430   0.00445613
         431     0.894644
         432      8.98114
         433   0.00430825
         434    0.0101624
         435    0.0313891
         436    0.0303486
         437    0.0206804
         438   0.00157309
         439  0.000531492
         440  0.000148266
         441   0.00393694
         442   0.00432892
         443   0.00419637
         444   0.00896719
         445     0.062643
         446    0.0673005
         447   0.00623203
         448    0.0109142
         449      4.55974
         450       9.0189
         451      6.13623
         452    0.0538517
         453  0.000915191
         454    0.0538085
         455    0.0106306
         456   0.00541742
         457       7.7708
         458      0.35452
         459  0.000237074
         460      6.77845
         461   0.00430064
         462   0.00126162
         463   0.00186944
         464    0.0974161
         465  0.000344225
         466   0.00092008
         467     0.020567
         468  0.000741464
         469  0.000997178
         470   0.00876163
         471    0.0175292
         472    0.0017084
         473     0.242319
         474   0.00336659
         475      3.53644
         476    0.0527443
         477     0.144483
         478    0.0754125
         479      15.7653
         480     0.153732
         481    0.0068335
         482      34.5151
         483     0.096197
         484    0.0114929
         485     0.001523
         486   0.00577077
         487   0.00178114
         488  0.000867053
         489    0.0149847
         490     0.134003
         491   0.00058604
         492     0.390901
         493   0.00120913
         494      4.70988
         495       5.4983
         496     0.345418
         497     0.567514
         498   0.00276405
         499  0.000280025
         500   0.00977003
         501    0.0265176
         502   0.00640023
         503   0.00237909
         504   0.00143909
         505      1.27379
         506    0.0646552
         507   0.00184157
         508   0.00735512
         509   0.00143951
         510  7.71431e-05
         511   0.00552196
         512  0.000918826
         513      2.26632
         514   0.00161356
         515   0.00308495
         516  0.000478518
         517   0.00264793
         518  7.04084e-05
         519   0.00262896
         520    0.0115994
         521   0.00234996
         522  0.000597105
         523   0.00105981
         524      1.70097
         525  0.000377303
         526  2.16917e-05
         527   0.00718679
         528  0.000833253
         529  0.000981486
         530    0.0118462
         531  0.000944821
         532   0.00543961
         533      2.49527
         534     0.160331
         535     0.362747
         536     0.202653
         537   0.00129808
         538   0.00918826
         539  0.000917103
         540   0.00768487
         541    0.0100546
         542    0.0955812
         543  9.67226e-05
         544     0.100001
         545    0.0160411
         546   0.00301766
         547    0.0314371
         548   0.00811832
         549  0.000417855
         550   0.00299339
         551    0.0027036
         552   0.00214442
         553   0.00180161
         554   0.00368947
         555  0.000804841
         556     0.017484
         557       5.1583
         558      4.89796
         559   0.00995213
         560    0.0146964
         561      4.87568
         562     0.040302
         563    0.0150073
         564   0.00472355
         565    0.0238301
         566   0.00750803
         567     0.071068
         568   0.00322442
         569  2.23269e-05
         570    0.0479327
         571   0.00954481
         572   0.00157147
         573   0.00418387
         574  0.000402114
         575  0.000136694
         576   0.00448394
         577    0.0012741
         578   0.00021972
         579   0.00694011
         580    0.0089477
         581    0.0364267
         582   0.00144607
         583   0.00957513
         584      6.34909
         585  0.000195454
         586   0.00459719
         587     0.282674
         588   0.00708967
         589    0.0357268
         590    0.0304712
         591   0.00124886
         592    0.0634349
         593  0.000155017
         594     0.706464
         595    0.0958163
         596  1.48315e-05
         597  0.000887827
         598    0.0513475
         599    0.0870905
         600   0.00223517
         601   0.00230621
         602   0.00405717
         603    0.0239423
         604    0.0519532
         605  0.000432255
         606  0.000599141
         607    0.0781914
         608   0.00125168
         609    0.0877422
         610    0.0205299
         611    0.0906355
         612    0.0015561
         613  0.000551372
         614  0.000154445
         615  3.19689e-06
         616    0.0335944
         617   0.00473184
         618  0.000245413
         619     0.252324
         620  0.000440644
         621  2.57803e-06
         622      9.97776
         623   0.00361582
         624   0.00165579
         625  5.85391e-05
         626   0.00160917
         627    0.0955971
         628    0.0868236
         629     0.171219
         630     0.196998
         631    0.0426075
         632    0.0575502
         633     0.253933
         634     0.133525
         635  0.000502876
         636    0.0541689
         637    0.0213261
         638  0.000176917
         639     0.051941
         640    0.0989223
         641      0.07938
         642    0.0575344
         643    0.0285021
         644   0.00553074
         645     0.065796
         646      8.23211
         647   0.00103473
         648     0.140268
         649    0.0829658
         650     0.604307
         651      1.07594
         652     0.312194
         653   0.00438238
         654   0.00414942
         655   0.00276428
         656      12.7036
         657  0.000496433
         658   0.00512963
         659   0.00189533
         660      0.10794
         661   0.00850565
         662     0.468256
         663     0.291219
         664     0.109261
         665   0.00547492
         666   0.00195997
         667    0.0139875
         668    0.0429967
         669     0.129651
         670  0.000855459
         671   0.00044767
         672     0.145861
         673      4.76656
         674   0.00218762
         675    0.0052171
         676    0.0996684
         677     0.833065
         678    0.0833608
         679   0.00355476
         680    0.0573626
         681   0.00570002
         682   0.00459025
         683    0.0143476
         684     0.204754
         685       6.9206
         686   0.00425925
         687       1.2075
         688     0.113684
         689   0.00296925
         690     0.241863
         691  1.29675e-05
         692  1.90057e-05
         693    0.0887367
         694  9.25435e-05
         695      26.8445
         696  1.66758e-05
         697       0.1785
         698     0.277343
         699     0.472049
         700   0.00200379
         701   0.00500603
         702     0.264805
         703   0.00403796
         704    0.0929014
         705       15.799
         706    0.0258213
         707    0.0631154
         708    0.0850245
         709    0.0034378
         710      0.46501
         711    0.0587188
         712  0.000151361
         713     0.257916
         714     0.184006
         715    0.0873785
         716   0.00148856
         717      19.5614
         718     0.226975
         719    0.0890726
         720       1.5854
         721     0.651428
         722     0.385992
         723  6.00818e-05
         724     0.646253
         725    0.0053596
         726    0.0138634
         727     0.132157
         728     0.078938
         729   0.00847732
         730  0.000306204
         731     0.293991
         732  0.000243026
         733     0.342718
         734     0.155227
         735     0.260323
         736     0.189567
         737  7.99719e-05
         738     0.195607
         739    0.0911637
         740     0.155932
         741    0.0502192
         742  0.000137047
         743            0
         744    0.0565671
         745     0.762601
         746     0.423737
         747     0.255536
         748    0.0249671
         749     0.179964
         750      1.68439
         751      1.44456
         752    0.0351791
         753  7.02775e-05
         754     0.420081
         755  0.000731357
         756      2.01406
         757   0.00796769
         758     0.706759
         759   0.00866631
         760    0.0551909
         761  5.56203e-05
         762     0.512228
         763      1.17618
         764   0.00145695
         765      1.12604
         766  7.40484e-05
         767    0.0939009
         768            0
         769    0.0297886
         770     0.434964
         771   0.00134851
         772     0.670955
         773      0.27915
         774     0.312447
         775     0.202885
         776  0.000164851
         777   0.00202052
         778    0.0212825
         779   0.00146274
         780   0.00143793
         781    0.0376202
         782    0.0190412
         783     0.523813
         784     0.580849
         785  0.000197028
         786   0.00895957
         787    0.0294207
         788   0.00648215
         789     0.340481
         790   0.00444956
         791   0.00450422
         792   0.00121878
         793     0.383425
         794    0.0251945
         795      1.73894
         796       4.2391
         797    0.0693896
         798      1.18948
         799  0.000555568
         800   0.00261442
         801    0.0319584
         802      0.10733
         803     0.122604
         804     0.151373
         805  0.000636347
         806      1.55839
         807    0.0121092
         808            0
         809     0.146433
         810     0.100538
         811     0.158929
         812    0.0188998
         813            0
         814    0.0635991
         815   0.00141911
         816      3.55788
         817    0.0134338
         818     0.917727
         819  0.000104293
         820    0.0202449
         821    0.0547958
         822     0.794473
         823    0.0162228
         824            0
         825  3.93885e-06
         826  0.000691564
         827      1.07856
         828     0.676073
         829    0.0649313
         830    0.0058725
         831      1.07039
         832   0.00217095
         833  0.000544706
         834   0.00436447
         835  0.000733046
         836  0.000299993
         837    0.0999233
         838   0.00106826
         839     0.037545
         840      30.0998
         841    0.0195763
         842    0.0259916
         843   0.00288944
         844  3.63909e-05
         845      20.8199
         846  5.16783e-05
         847    0.0474626
         848  0.000451849
         849      4.18825
         850            0
         851     0.282349
         852    0.0483418
         853   0.00387643
         854     0.152306
         855  0.000151081
         856  0.000194126
         857      1.99169
         858      2.75025
         859      1.92739
         860  0.000165575
         861       2.6047
         862      0.20059
         863       2.5805
         864     0.162588
         865            0
         866            0
         867  7.05661e-05
         868    0.0133888
         869   0.00010357
         870      1.88701
         871      1.95279
         872  3.65701e-05
         873   0.00128189
         874     0.198531
         875            0
         876            0
         877            0
         878      3.50033
         879            0
         880            0
         881            0
         882  3.72611e-05
         883     0.342022
         884      1.71489
         885      1.44952
         886            0
         887            0
         888            0
         889            0
         890      1.12503
         891            0
         892            0
         893            0
         894            0
         895    0.0498017
         896      5.42505
         897  5.93831e-05
         898            0
         899     0.247563
         900      1.22159
         901    0.0338575
         902  0.000303466
         903    0.0151753
         904     0.105261
         905   0.00556936
         906            0
         907    0.0339762
         908     0.040248
         909     0.287149
         910   0.00545525
         911            0
         912     0.388943
         913      12.5028
         914   0.00219836
         915  3.30483e-05
         916            0
         917            0
         918   0.00301925
         919     0.253539
         920     0.469086
         921      0.33012
         922            0
         923     0.136878
         924     0.363508
         925            0
         926  1.97412e-05
         927   0.00304361
         928     0.292298
         929    0.0552134
         930            0
         931     0.136108
         932            0
         933    0.0018942
         934            0
         935      0.12552
         936     0.174256
         937  4.29988e-05
         938            0
         939            0
         940            0
         941    0.0415412
         942    0.0122368
         943     0.909493
         944    0.0963067
         945    0.0269927
         946      9.09264
         947            0
         948   4.8404e-05
         949    0.0183461
         950    0.0202611
         951   0.00932977
         952  1.52928e-05
         953    0.0330572
         954   0.00148253
         955      2.87397
         956    0.0736968
         957   0.00943707
         958    0.0102711
         959  0.000261385
         960   0.00154738
         961            0
         962    0.0794877
         963            0
         964  0.000275124
         965     0.136429
         966  1.96372e-07
         967    0.0108962
         968      4.82791
         969    0.0617803
         970            0
         971      2.79247
         972            0
         973   0.00135804
         974    0.0483227
         975   1.6045e-05
         976    0.0483007
         977  0.000330008
         978   0.00064728
         979     0.282218
         980            0
         981            0
         982    0.0320224
         983      3.61479
         984    0.0366674
         985  0.000822156
         986    0.0299633
         987  5.18123e-07
         988      3.76904
         989   6.9564e-06
         990  0.000379418
         991      2.01798
         992    0.0264813
         993      0.14513
         994    0.0223635
         995    0.0027547
         996     0.723949
         997     0.897579
         998   0.00262439
         999    0.0460638
        1000      0.26745
        1001  4.98761e-05
        1002  6.53129e-06
        1003      3.83831
        1004            0
        1005            0
        1006   0.00753106
        1007    0.0628968
        1008     0.115734
        1009    0.0337232
        1010    0.0296735
        1011     0.562377
        1012   0.00618563
        1013    0.0195407
        1014            0
        1015     0.113669
        1016    0.0331505
        1017     0.363776
        1018      4.59804
        1019     0.330454
        1020            0
        1021    0.0130922
        1022            0
        1023    0.0620672
        1024     0.218094
        1025    0.0186752
        1026            0
        1027     0.336236
        1028   0.00464222
        1029     0.251265
        1030    0.0255448
        1031   0.00106985
        1032      0.15757
        1033  4.55219e-05
        1034     0.179938
        1035       0.1842
        1036    0.0131029
        1037     0.085284
        1038      7.11848
        1039      1.07587
        1040    0.0288495
        1041  1.36433e-05
        1042   0.00978587
        1043    0.0324653
        1044      5.83345
        1045            0
        1046  0.000171605
        1047    0.0140703
        1048   0.00920674
        1049      2.24226
        1050   0.00418384
        1051   0.00109184
        1052      11.8074
        1053      1.63946
        1054      4.03986
        1055    0.0143652
        1056            0
        1057    0.0139219
        1058   0.00040781
        1059      4.70223
        1060  6.58615e-05
        1061    0.0663273
        1062  9.36418e-05
        1063      3.49072
        1064      4.33055
        1065      18.1074
        1066     0.207272
        1067    0.0119171
        1068   0.00320171
        1069  0.000328222
        1070            0
        1071    0.0324605
        1072     0.126932
        1073    0.0268784
        1074    0.0178871
        1075            0
        1076            0
        1077    0.0100753
        1078  0.000219179
        1079            0
        1080            0
        1081  0.000117639
        1082    0.0447689
        1083   0.00332534
        1084            0
        1085   0.00875703
        1086  5.81981e-05
        1087  0.000151019
        1088   0.00404999
        1089  0.000439636
        1090    0.0149898
        1091     0.019676
        1092    0.0331371
        1093    0.0292459
        1094  8.85976e-05
        1095            0
        1096   0.00125696
        1097    0.0114834
        1098  3.75868e-05
        1099            0
        1100   0.00251341
        1101  0.000634549
        1102  0.000114792
        1103   0.00736052
        1104            0
        1105    0.0175797
        1106  1.52673e-06
        1107            0
        1108  0.000564474
        1109   0.00922647
        1110  0.000244842
        1111  3.74329e-05
        1112            0
        1113   8.2264e-06
        1114            0
        1115  3.62254e-05
        1116   0.00558511
        1117  1.82928e-06
        1118  1.06449e-06
        1119    0.0042745
        1120  2.67583e-06
        1121  0.000401191
        1122   0.00116983
        1123  0.000515615
        1124   3.4335e-05
        1125  1.71379e-05
        1126  1.87066e-05
        1127  0.000330747
        1128   0.00115361
        1129   0.00030151
        1130  3.66715e-05
        1131   0.00144063
        1132  2.18455e-06
        1133  0.000297069
        1134   7.8866e-05
        1135   0.00120385
        1136  0.000642056
